2455714.74889,10.59,0.01,V
2455715.009572,10.948,0.003,V
2455715.013113,10.934,0.004,V
2455715.013657,10.962,0.004,V
2455715.014109,10.961,0.004,V
2455715.014780,10.951,0.004,V
2455715.015231,10.954,0.004,V
2455715.015891,10.952,0.003,V
2455715.016354,10.954,0.003,V
2455715.017037,10.956,0.003,V
2455715.017500,10.951,0.003,V
2455715.018183,10.954,0.003,V
2455715.018646,10.947,0.003,V
2455715.019329,10.953,0.003,V
2455715.019780,10.961,0.003,V
2455715.020475,10.958,0.003,V
2455715.020949,10.958,0.003,V
2455715.021643,10.959,0.003,V
2455715.022095,10.963,0.003,V
2455715.022778,10.945,0.003,V
2455715.023241,10.960,0.003,V
2455715.023935,10.948,0.003,V
2455715.024398,10.957,0.003,V
2455715.025081,10.953,0.003,V
2455715.025544,10.957,0.003,V
2455715.026238,10.955,0.003,V
2455715.026701,10.957,0.003,V
2455715.027384,10.958,0.003,V
2455715.027847,10.962,0.003,V
2455715.028542,10.952,0.003,V
2455715.028993,10.955,0.003,V
2455715.029676,10.967,0.003,V
2455715.030127,10.957,0.003,V
2455715.030822,10.962,0.003,V
2455715.031285,10.955,0.003,V
2455715.031956,10.960,0.003,V
2455715.035845,10.951,0.004,V
2455715.036366,10.946,0.004,V
2455715.038576,10.954,0.005,V
2455715.039039,10.970,0.003,V
2455715.039745,10.954,0.003,V
2455715.040208,10.951,0.003,V
2455715.040891,10.957,0.003,V
2455715.041354,10.966,0.003,V
2455715.042072,10.964,0.003,V
2455715.74414,10.61,0.01,V
2455716.74445,11.127,0.006,V
2455716.92801,11.396,0.016,V
2455716.993889,11.308,0.005,V
2455716.996435,11.293,0.005,V
2455716.999143,11.278,0.005,V
2455717.001157,11.290,0.005,V
2455717.001620,11.288,0.005,V
2455717.001979,11.297,0.005,V
2455717.74230,11.08,0.01,V
2455717.98910,11.341,0.021,V
2455717.9958,11.37,0.01,V
2455718.9604,11.77,0.01,V
2455719.02303,11.767,0.013,V
2455719.933,11.86,0.02,V
2455721.9139,12.08,0.01,V
2455722.034444,11.941,0.011,V
2455722.034861,11.955,0.011,V
2455722.035197,11.939,0.011,V
2455722.035532,11.946,0.011,V
2455722.035868,11.937,0.011,V
2455722.036412,11.947,0.011,V
2455722.036748,11.964,0.012,V
2455722.037083,11.950,0.011,V
2455722.037419,11.952,0.011,V
2455722.037963,11.955,0.011,V
2455722.038299,11.957,0.011,V
2455722.038634,11.950,0.011,V
2455722.038958,11.961,0.011,V
2455722.039514,11.947,0.011,V
2455722.039850,11.938,0.011,V
2455722.040185,11.953,0.011,V
2455722.040509,11.947,0.011,V
2455722.041065,11.950,0.011,V
2455722.041401,11.956,0.011,V
2455722.041736,11.963,0.011,V
2455722.042060,11.972,0.011,V
2455722.042604,11.957,0.011,V
2455722.042940,11.957,0.011,V
2455722.043276,11.948,0.011,V
2455722.043611,11.950,0.011,V
2455722.051238,11.979,0.016,V
2455722.051574,11.915,0.015,V
2455722.051898,11.973,0.016,V
2455722.052234,11.967,0.016,V
2455722.052755,11.949,0.017,V
2455722.053090,11.938,0.017,V
2455722.053426,11.958,0.017,V
2455722.053762,11.955,0.018,V
2455722.054294,11.939,0.017,V
2455722.054630,11.965,0.018,V
2455722.054954,11.937,0.017,V
2455722.055289,11.950,0.017,V
2455722.055822,11.936,0.017,V
2455722.056157,11.957,0.018,V
2455722.056493,11.948,0.018,V
2455722.056829,11.952,0.018,V
2455722.057361,11.973,0.018,V
2455722.057697,11.974,0.019,V
2455722.058021,11.955,0.018,V
2455722.058357,11.954,0.018,V
2455722.058889,11.937,0.018,V
2455722.059213,11.951,0.018,V
2455722.059549,11.958,0.018,V
2455722.059884,11.968,0.018,V
2455722.060428,11.953,0.018,V
2455722.060764,11.944,0.018,V
2455722.061088,11.951,0.018,V
2455722.061424,11.964,0.018,V
2455722.061968,11.954,0.018,V
2455722.062292,11.949,0.018,V
2455722.062639,11.966,0.018,V
2455722.062963,11.967,0.018,V
2455722.063495,11.964,0.018,V
2455722.063831,11.956,0.018,V
2455722.064167,11.952,0.018,V
2455722.064491,11.964,0.018,V
2455722.065023,11.947,0.018,V
2455722.065359,11.925,0.017,V
2455722.065694,11.987,0.018,V
2455722.066030,11.932,0.017,V
2455722.066562,11.935,0.017,V
2455722.066898,11.944,0.017,V
2455722.067234,11.941,0.018,V
2455722.067558,11.956,0.018,V
2455722.068102,11.986,0.018,V
2455722.068437,11.960,0.018,V
2455722.068773,11.946,0.017,V
2455722.069109,11.956,0.018,V
2455722.069630,11.970,0.018,V
2455722.069965,11.958,0.017,V
2455722.070301,11.965,0.018,V
2455722.070637,11.936,0.017,V
2455722.071181,11.958,0.018,V
2455722.071505,11.978,0.018,V
2455722.071840,11.935,0.017,V
2455722.072176,11.946,0.017,V
2455722.072708,11.968,0.018,V
2455722.073044,11.970,0.018,V
2455722.073368,11.959,0.018,V
2455722.074768,11.967,0.018,V
2455722.083912,11.944,0.012,V
2455722.084421,11.958,0.013,V
2455722.084965,11.940,0.013,V
2455722.085486,11.935,0.013,V
2455722.085949,11.955,0.013,V
2455722.086412,11.957,0.013,V
2455722.086863,11.966,0.014,V
2455722.092604,11.935,0.013,V
2455722.093125,11.933,0.013,V
2455722.093588,11.942,0.013,V
2455722.094051,11.940,0.013,V
2455722.094514,11.950,0.013,V
2455722.095151,11.952,0.013,V
2455722.095613,11.946,0.013,V
2455722.096065,11.926,0.013,V
2455722.096528,11.941,0.013,V
2455722.097176,11.925,0.013,V
2455722.097627,11.920,0.013,V
2455722.098090,11.959,0.013,V
2455722.098553,11.931,0.013,V
2455722.099201,11.947,0.013,V
2455722.099664,11.956,0.013,V
2455722.100116,11.944,0.014,V
2455722.100579,11.948,0.013,V
2455722.101227,11.930,0.013,V
2455722.101678,11.927,0.013,V
2455722.102141,11.932,0.013,V
2455722.102593,11.950,0.013,V
2455722.103252,11.929,0.013,V
2455722.103704,11.929,0.013,V
2455722.104155,11.931,0.013,V
2455722.104606,11.959,0.013,V
2455722.105255,11.942,0.013,V
2455722.105718,11.994,0.014,V
2455722.106169,11.945,0.013,V
2455722.106620,11.926,0.013,V
2455722.107269,11.935,0.013,V
2455722.107732,11.972,0.013,V
2455722.108183,11.944,0.013,V
2455722.108634,11.932,0.013,V
2455722.109282,11.948,0.013,V
2455722.109745,11.946,0.013,V
2455722.110197,11.945,0.013,V
2455722.110660,11.951,0.013,V
2455722.111296,11.948,0.013,V
2455722.111748,11.946,0.013,V
2455722.112211,11.951,0.013,V
2455722.113009,11.936,0.013,V
2455722.113495,11.927,0.013,V
2455722.113924,11.969,0.013,V
2455722.114340,11.958,0.013,V
2455722.114769,11.919,0.013,V
2455722.115393,11.942,0.013,V
2455722.115822,11.954,0.013,V
2455722.116250,11.949,0.013,V
2455722.116678,11.955,0.013,V
2455722.117303,11.971,0.013,V
2455722.117720,11.955,0.013,V
2455722.118148,11.984,0.013,V
2455722.118576,11.942,0.013,V
2455722.119201,11.954,0.013,V
2455722.119630,11.956,0.013,V
2455722.120046,11.983,0.013,V
2455722.120475,11.939,0.013,V
2455722.121111,11.941,0.013,V
2455722.121528,11.954,0.013,V
2455722.121956,11.973,0.013,V
2455722.122384,11.947,0.013,V
2455722.123403,11.951,0.013,V
2455722.123831,11.947,0.013,V
2455722.124248,11.953,0.013,V
2455722.124676,11.950,0.013,V
2455722.125301,11.953,0.013,V
2455722.125729,11.946,0.013,V
2455722.126146,11.971,0.013,V
2455722.126586,11.948,0.013,V
2455722.127222,11.943,0.013,V
2455722.127650,11.966,0.013,V
2455722.128079,11.970,0.013,V
2455722.128495,11.962,0.013,V
2455722.129120,11.945,0.013,V
2455722.129549,11.962,0.013,V
2455722.129965,11.940,0.013,V
2455722.130394,11.954,0.013,V
2455722.131018,11.979,0.013,V
2455722.131447,11.934,0.013,V
2455722.131875,11.945,0.013,V
2455722.132292,11.987,0.014,V
2455722.132905,11.956,0.013,V
2455722.133333,11.958,0.013,V
2455722.133762,11.960,0.013,V
2455722.134178,11.960,0.013,V
2455722.134803,11.965,0.014,V
2455722.135232,11.944,0.013,V
2455722.135660,11.969,0.013,V
2455722.136076,11.950,0.014,V
2455722.136701,11.951,0.013,V
2455722.137130,11.933,0.014,V
2455722.137546,11.987,0.015,V
2455722.137975,11.965,0.014,V
2455722.138600,11.949,0.013,V
2455722.139028,11.943,0.016,V
2455722.139456,11.945,0.014,V
2455722.139884,11.977,0.014,V
2455722.140521,11.966,0.014,V
2455722.140949,11.971,0.014,V
2455722.141377,11.989,0.014,V
2455722.141794,11.981,0.014,V
2455722.142419,11.939,0.014,V
2455722.142847,11.955,0.014,V
2455722.143275,11.971,0.014,V
2455722.143704,11.987,0.015,V
2455722.144317,11.961,0.014,V
2455722.144745,11.946,0.014,V
2455722.145174,11.996,0.015,V
2455722.145602,11.932,0.014,V
2455722.146238,11.935,0.014,V
2455722.146667,11.966,0.015,V
2455722.147083,11.981,0.015,V
2455722.147512,11.938,0.015,V
2455722.148137,11.981,0.015,V
2455722.148565,11.947,0.015,V
2455722.148993,11.962,0.015,V
2455722.149410,11.961,0.015,V
2455722.150023,11.963,0.015,V
2455722.150451,11.961,0.015,V
2455722.150880,11.938,0.025,V
2455722.151296,11.954,0.015,V
2455722.151898,11.969,0.016,V
2455722.152326,11.986,0.016,V
2455722.152743,11.968,0.016,V
2455722.153171,11.977,0.016,V
2455722.78375,11.980,0.004,V
2455722.78497,11.926,0.004,V
2455722.78617,12.020,0.005,V
2455722.78745,11.951,0.005,V
2455722.78867,11.942,0.006,V
2455722.78990,11.975,0.007,V
2455723.80948,12.078,0.007,V
2455723.81069,12.155,0.005,V
2455723.81191,12.140,0.005,V
2455724.014317,12.219,0.012,V
2455724.014942,12.208,0.009,V
2455724.015613,12.221,0.009,V
2455724.016134,12.216,0.010,V
2455724.016586,12.229,0.009,V
2455724.017234,12.217,0.009,V
2455724.017685,12.208,0.010,V
2455724.018333,12.224,0.010,V
2455724.018773,12.209,0.009,V
2455724.019433,12.209,0.009,V
2455724.019873,12.231,0.009,V
2455724.020521,12.218,0.010,V
2455724.020972,12.204,0.009,V
2455724.021632,12.207,0.009,V
2455724.022072,12.219,0.009,V
2455724.022720,12.216,0.009,V
2455724.023171,12.219,0.009,V
2455724.023819,12.231,0.010,V
2455724.024271,12.212,0.009,V
2455724.024919,12.213,0.009,V
2455724.025370,12.214,0.009,V
2455724.026030,12.226,0.010,V
2455724.026481,12.228,0.010,V
2455724.027130,12.229,0.010,V
2455724.027581,12.239,0.010,V
2455724.028229,12.224,0.010,V
2455724.028681,12.213,0.010,V
2455724.029329,12.221,0.010,V
2455724.029780,12.222,0.010,V
2455724.030440,12.232,0.010,V
2455724.030891,12.222,0.010,V
2455724.031551,12.219,0.010,V
2455724.031991,12.218,0.010,V
2455724.032651,12.238,0.010,V
2455724.033090,12.231,0.010,V
2455724.033750,12.221,0.010,V
2455724.034201,12.227,0.010,V
2455724.034849,12.221,0.010,V
2455724.035301,12.231,0.010,V
2455724.035961,12.225,0.010,V
2455724.036412,12.219,0.010,V
2455724.037060,12.237,0.010,V
2455724.037512,12.235,0.010,V
2455724.038160,12.230,0.010,V
2455724.038611,12.244,0.011,V
2455724.039271,12.236,0.011,V
2455724.039722,12.218,0.011,V
2455724.040370,12.240,0.011,V
2455724.040822,12.233,0.011,V
2455724.041470,12.226,0.011,V
2455724.041921,12.228,0.011,V
2455724.042569,12.229,0.011,V
2455724.043021,12.220,0.011,V
2455724.043669,12.236,0.011,V
2455724.044120,12.232,0.011,V
2455724.044769,12.237,0.011,V
2455724.045208,12.243,0.011,V
2455724.045857,12.223,0.011,V
2455724.046308,12.224,0.011,V
2455724.046956,12.221,0.010,V
2455724.047419,12.223,0.010,V
2455724.048067,12.239,0.011,V
2455724.048518,12.248,0.011,V
2455724.049167,12.216,0.011,V
2455724.049618,12.234,0.010,V
2455724.050255,12.235,0.011,V
2455724.050706,12.230,0.011,V
2455724.051366,12.227,0.011,V
2455724.051806,12.252,0.011,V
2455724.052454,12.232,0.011,V
2455724.052905,12.240,0.011,V
2455724.053542,12.241,0.011,V
2455724.053993,12.238,0.011,V
2455724.054641,12.232,0.011,V
2455724.055093,12.225,0.011,V
2455724.055752,12.250,0.011,V
2455724.056192,12.259,0.011,V
2455724.056852,12.231,0.011,V
2455724.057303,12.239,0.011,V
2455724.057940,12.239,0.011,V
2455724.058391,12.244,0.010,V
2455724.059051,12.250,0.010,V
2455724.059491,12.232,0.010,V
2455724.060139,12.245,0.010,V
2455724.060590,12.229,0.010,V
2455724.061238,12.230,0.010,V
2455724.061690,12.239,0.010,V
2455724.062326,12.220,0.010,V
2455724.062778,12.239,0.010,V
2455724.063438,12.240,0.010,V
2455724.063877,12.241,0.010,V
2455724.064525,12.235,0.010,V
2455724.064988,12.249,0.010,V
2455724.065637,12.224,0.010,V
2455724.066088,12.230,0.010,V
2455724.066736,12.238,0.010,V
2455724.067188,12.245,0.010,V
2455724.067847,12.243,0.010,V
2455724.068287,12.235,0.010,V
2455724.068935,12.242,0.010,V
2455724.069387,12.236,0.010,V
2455724.070035,12.244,0.010,V
2455724.070474,12.238,0.010,V
2455724.071123,12.233,0.010,V
2455724.071574,12.227,0.010,V
2455724.072211,12.237,0.010,V
2455724.072651,12.236,0.010,V
2455724.073299,12.232,0.010,V
2455724.073750,12.254,0.010,V
2455724.074387,12.257,0.010,V
2455724.074826,12.238,0.010,V
2455724.075463,12.249,0.010,V
2455724.075903,12.263,0.011,V
2455724.076563,12.252,0.011,V
2455724.077002,12.257,0.011,V
2455724.077662,12.262,0.011,V
2455724.078102,12.229,0.011,V
2455724.078738,12.239,0.011,V
2455724.079178,12.254,0.011,V
2455724.085347,12.263,0.012,V
2455724.085868,12.249,0.011,V
2455724.086319,12.265,0.011,V
2455724.086956,12.245,0.011,V
2455724.087407,12.260,0.011,V
2455724.088056,12.238,0.011,V
2455724.088507,12.255,0.011,V
2455724.089144,12.264,0.011,V
2455724.089583,12.246,0.011,V
2455724.090220,12.277,0.011,V
2455724.090671,12.277,0.012,V
2455724.091296,12.265,0.011,V
2455724.091748,12.266,0.011,V
2455724.092384,12.270,0.012,V
2455724.092836,12.265,0.012,V
2455724.093472,12.258,0.012,V
2455724.093912,12.270,0.012,V
2455724.094549,12.260,0.012,V
2455724.095000,12.264,0.012,V
2455724.095637,12.275,0.012,V
2455724.096088,12.275,0.012,V
2455724.096724,12.278,0.012,V
2455724.097176,12.276,0.012,V
2455724.097812,12.261,0.012,V
2455724.098264,12.271,0.012,V
2455724.098912,12.268,0.012,V
2455724.099363,12.276,0.012,V
2455724.100012,12.291,0.012,V
2455724.100463,12.270,0.012,V
2455724.101123,12.277,0.012,V
2455724.101563,12.291,0.012,V
2455724.102222,12.278,0.012,V
2455724.102662,12.285,0.012,V
2455724.103310,12.266,0.011,V
2455724.103762,12.262,0.012,V
2455724.104410,12.273,0.012,V
2455724.104861,12.279,0.012,V
2455724.105509,12.265,0.012,V
2455724.105949,12.263,0.012,V
2455724.106597,12.285,0.013,V
2455724.107037,12.307,0.012,V
2455724.107674,12.299,0.012,V
2455724.108113,12.293,0.012,V
2455724.108750,12.263,0.012,V
2455724.109201,12.278,0.012,V
2455724.109838,12.267,0.011,V
2455724.110289,12.291,0.012,V
2455724.110926,12.289,0.012,V
2455724.111366,12.291,0.012,V
2455724.112002,12.288,0.012,V
2455724.112454,12.308,0.012,V
2455724.113090,12.271,0.012,V
2455724.113530,12.279,0.011,V
2455724.114167,12.282,0.012,V
2455724.114607,12.316,0.012,V
2455724.115255,12.281,0.012,V
2455724.115694,12.295,0.012,V
2455724.116319,12.313,0.012,V
2455724.116771,12.296,0.012,V
2455724.117407,12.299,0.012,V
2455724.117847,12.291,0.012,V
2455724.118495,12.300,0.012,V
2455724.118935,12.296,0.012,V
2455724.119583,12.295,0.011,V
2455724.120023,12.305,0.012,V
2455724.120660,12.284,0.011,V
2455724.121100,12.312,0.011,V
2455724.121748,12.297,0.011,V
2455724.122187,12.313,0.011,V
2455724.122824,12.298,0.011,V
2455724.123264,12.322,0.011,V
2455724.123912,12.321,0.011,V
2455724.124363,12.307,0.011,V
2455724.125000,12.302,0.011,V
2455724.125451,12.320,0.011,V
2455724.126099,12.299,0.011,V
2455724.126539,12.305,0.011,V
2455724.127176,12.301,0.011,V
2455724.127627,12.312,0.011,V
2455724.128264,12.321,0.013,V
2455724.128704,12.313,0.014,V
2455724.129352,12.297,0.014,V
2455724.129792,12.333,0.014,V
2455724.130428,12.328,0.015,V
2455725.78203,12.296,0.215,V
2455726.030012,12.487,0.010,V
2455726.036620,12.496,0.010,V
2455726.037882,12.492,0.010,V
2455726.038530,12.479,0.010,V
2455726.038982,12.488,0.010,V
2455726.039433,12.512,0.010,V
2455726.039896,12.523,0.010,V
2455726.040544,12.485,0.010,V
2455726.040995,12.496,0.010,V
2455726.041458,12.502,0.010,V
2455726.041910,12.488,0.010,V
2455726.042558,12.529,0.010,V
2455726.043032,12.526,0.010,V
2455726.043484,12.511,0.010,V
2455726.043947,12.509,0.010,V
2455726.044618,12.524,0.010,V
2455726.045069,12.524,0.010,V
2455726.045532,12.502,0.010,V
2455726.045995,12.528,0.010,V
2455726.046667,12.524,0.010,V
2455726.047118,12.528,0.010,V
2455726.047581,12.536,0.010,V
2455726.048044,12.531,0.010,V
2455726.048704,12.515,0.010,V
2455726.049167,12.501,0.010,V
2455726.049630,12.520,0.010,V
2455726.050081,12.548,0.010,V
2455726.050752,12.521,0.010,V
2455726.051204,12.539,0.010,V
2455726.051667,12.527,0.010,V
2455726.052130,12.526,0.010,V
2455726.052789,12.525,0.010,V
2455726.053241,12.543,0.010,V
2455726.053692,12.534,0.010,V
2455726.054155,12.538,0.010,V
2455726.054815,12.534,0.010,V
2455726.055278,12.524,0.010,V
2455726.055729,12.513,0.010,V
2455726.056181,12.533,0.010,V
2455726.056840,12.545,0.010,V
2455726.057292,12.543,0.010,V
2455726.057755,12.539,0.010,V
2455726.058206,12.529,0.010,V
2455726.058854,12.521,0.010,V
2455726.059317,12.534,0.010,V
2455726.059768,12.524,0.010,V
2455726.060220,12.543,0.010,V
2455726.060880,12.553,0.010,V
2455726.061331,12.531,0.010,V
2455726.061794,12.546,0.010,V
2455726.062257,12.531,0.010,V
2455726.062917,12.538,0.010,V
2455726.063380,12.526,0.010,V
2455726.063843,12.543,0.010,V
2455726.064294,12.531,0.010,V
2455726.064965,12.528,0.010,V
2455726.065428,12.551,0.010,V
2455726.065880,12.528,0.010,V
2455726.066343,12.553,0.011,V
2455726.067002,12.553,0.010,V
2455726.067454,12.573,0.010,V
2455726.067917,12.570,0.010,V
2455726.068368,12.540,0.010,V
2455726.069028,12.550,0.010,V
2455726.069479,12.557,0.010,V
2455726.069931,12.565,0.011,V
2455726.070393,12.557,0.010,V
2455726.071042,12.550,0.010,V
2455726.071493,12.553,0.010,V
2455726.071956,12.572,0.010,V
2455726.072407,12.548,0.010,V
2455726.073056,12.560,0.010,V
2455726.073507,12.562,0.010,V
2455726.073970,12.563,0.011,V
2455726.074421,12.566,0.011,V
2455726.082245,12.541,0.010,V
2455726.086551,12.554,0.010,V
2455726.087859,12.530,0.010,V
2455726.088518,12.520,0.010,V
2455726.088970,12.541,0.010,V
2455726.089421,12.540,0.010,V
2455726.089884,12.537,0.010,V
2455726.090532,12.553,0.010,V
2455726.090995,12.567,0.010,V
2455726.091458,12.548,0.010,V
2455726.091910,12.545,0.010,V
2455726.092558,12.557,0.010,V
2455726.093021,12.539,0.010,V
2455726.093472,12.547,0.010,V
2455726.093924,12.548,0.010,V
2455726.094583,12.563,0.010,V
2455726.095035,12.546,0.010,V
2455726.095498,12.573,0.010,V
2455726.095949,12.559,0.010,V
2455726.096597,12.569,0.010,V
2455726.097049,12.563,0.011,V
2455726.097512,12.557,0.011,V
2455726.097963,12.569,0.010,V
2455726.098611,12.548,0.010,V
2455726.099063,12.548,0.010,V
2455726.099526,12.551,0.010,V
2455726.099977,12.541,0.011,V
2455726.100625,12.557,0.011,V
2455726.101076,12.564,0.011,V
2455726.101539,12.554,0.011,V
2455726.101991,12.592,0.011,V
2455726.102639,12.562,0.011,V
2455726.103102,12.559,0.011,V
2455726.103553,12.586,0.011,V
2455726.104005,12.573,0.011,V
2455726.104653,12.575,0.011,V
2455726.105104,12.577,0.011,V
2455726.105567,12.546,0.011,V
2455726.106018,12.563,0.011,V
2455726.106655,12.572,0.011,V
2455726.107106,12.567,0.011,V
2455726.107558,12.552,0.011,V
2455726.108021,12.569,0.011,V
2455726.108657,12.579,0.011,V
2455726.109120,12.557,0.011,V
2455726.109572,12.594,0.011,V
2455726.110023,12.556,0.011,V
2455726.110706,12.572,0.011,V
2455726.111169,12.556,0.011,V
2455726.111620,12.560,0.011,V
2455726.112072,12.587,0.012,V
2455726.112870,12.602,0.012,V
2455726.113322,12.572,0.011,V
2455726.113785,12.567,0.011,V
2455726.114248,12.588,0.012,V
2455726.114907,12.571,0.011,V
2455726.115370,12.588,0.011,V
2455726.115822,12.590,0.012,V
2455726.116285,12.576,0.012,V
2455726.116944,12.573,0.012,V
2455726.117407,12.556,0.012,V
2455726.117870,12.601,0.012,V
2455726.118333,12.580,0.012,V
2455726.118982,12.583,0.012,V
2455726.119444,12.573,0.011,V
2455726.119907,12.566,0.012,V
2455726.120370,12.569,0.011,V
2455726.121030,12.579,0.012,V
2455726.121482,12.556,0.012,V
2455726.121944,12.579,0.012,V
2455726.122407,12.562,0.012,V
2455726.123067,12.589,0.012,V
2455726.123519,12.584,0.012,V
2455726.123982,12.582,0.012,V
2455726.124444,12.563,0.012,V
2455726.125116,12.589,0.012,V
2455726.125579,12.584,0.012,V
2455726.126030,12.584,0.012,V
2455726.126493,12.583,0.012,V
2455726.127153,12.602,0.012,V
2455726.127616,12.576,0.012,V
2455726.128079,12.574,0.012,V
2455726.128530,12.578,0.012,V
2455726.129201,12.602,0.012,V
2455726.129653,12.579,0.012,V
2455726.130116,12.572,0.011,V
2455726.130579,12.557,0.011,V
2455726.131238,12.552,0.011,V
2455726.131701,12.611,0.012,V
2455726.132153,12.582,0.011,V
2455726.132616,12.570,0.011,V
2455726.133276,12.556,0.011,V
2455726.133738,12.577,0.012,V
2455726.134201,12.601,0.012,V
2455726.134653,12.594,0.011,V
2455726.135324,12.561,0.011,V
2455726.135776,12.580,0.012,V
2455726.136238,12.574,0.011,V
2455726.136690,12.603,0.012,V
2455726.137361,12.569,0.011,V
2455726.137824,12.592,0.011,V
2455726.140012,12.578,0.012,V
2455726.140463,12.589,0.012,V
2455726.140926,12.581,0.011,V
2455726.141586,12.582,0.012,V
2455726.142049,12.551,0.012,V
2455726.142500,12.574,0.012,V
2455726.142963,12.548,0.012,V
2455726.143623,12.585,0.013,V
2455726.144086,12.588,0.012,V
2455726.144549,12.577,0.012,V
2455726.145000,12.589,0.013,V
2455726.145671,12.564,0.013,V
2455726.146134,12.579,0.012,V
2455726.146586,12.546,0.012,V
2455726.147049,12.582,0.012,V
2455726.147708,12.582,0.012,V
2455726.148160,12.559,0.012,V
2455726.148623,12.567,0.012,V
2455726.149086,12.596,0.012,V
2455726.149757,12.565,0.012,V
2455726.150208,12.597,0.013,V
2455726.150671,12.568,0.012,V
2455726.151123,12.555,0.012,V
2455726.151794,12.591,0.013,V
2455726.152245,12.573,0.012,V
2455726.152708,12.560,0.012,V
2455726.153171,12.574,0.012,V
2455726.153831,12.578,0.013,V
2455726.154294,12.539,0.012,V
2455726.154757,12.594,0.013,V
2455726.155220,12.554,0.012,V
2455726.156053,12.558,0.012,V
2455726.156516,12.581,0.012,V
2455726.156968,12.575,0.012,V
2455726.157431,12.550,0.012,V
2455726.158090,12.571,0.012,V
2455726.158553,12.549,0.012,V
2455726.159016,12.578,0.012,V
2455726.159479,12.574,0.012,V
2455726.160139,12.574,0.012,V
2455726.160602,12.551,0.013,V
2455726.161053,12.551,0.012,V
2455726.161505,12.567,0.012,V
2455726.162141,12.566,0.012,V
2455726.162593,12.592,0.013,V
2455726.163056,12.586,0.013,V
2455726.163507,12.592,0.013,V
2455726.164143,12.545,0.012,V
2455726.164595,12.564,0.012,V
2455726.165046,12.572,0.012,V
2455726.165509,12.568,0.012,V
2455726.166134,12.546,0.012,V
2455726.166586,12.596,0.012,V
2455726.167037,12.564,0.012,V
2455726.167500,12.584,0.012,V
2455726.168137,12.544,0.011,V
2455726.168588,12.560,0.011,V
2455726.169051,12.542,0.011,V
2455726.169502,12.559,0.012,V
2455726.170139,12.550,0.011,V
2455726.170590,12.549,0.012,V
2455726.171053,12.567,0.011,V
2455726.171505,12.562,0.011,V
2455726.172141,12.568,0.011,V
2455726.172593,12.561,0.011,V
2455726.173056,12.577,0.011,V
2455726.173507,12.542,0.011,V
2455726.174144,12.569,0.011,V
2455726.174607,12.568,0.011,V
2455726.175058,12.567,0.011,V
2455726.175521,12.556,0.011,V
2455726.176157,12.577,0.011,V
2455726.176620,12.570,0.011,V
2455726.177072,12.539,0.011,V
2455726.177523,12.570,0.011,V
2455726.178160,12.550,0.011,V
2455726.178623,12.570,0.011,V
2455726.179074,12.570,0.012,V
2455726.179526,12.581,0.011,V
2455726.180174,12.550,0.011,V
2455726.180637,12.570,0.011,V
2455726.181088,12.570,0.011,V
2455726.181539,12.561,0.011,V
2455726.182176,12.570,0.012,V
2455726.182627,12.563,0.011,V
2455726.183090,12.580,0.012,V
2455726.183542,12.536,0.011,V
2455726.184178,12.560,0.011,V
2455726.184630,12.542,0.011,V
2455726.185093,12.528,0.011,V
2455726.185544,12.561,0.012,V
2455726.186181,12.541,0.011,V
2455726.186632,12.568,0.011,V
2455726.187083,12.571,0.011,V
2455726.187535,12.560,0.011,V
2455726.188183,12.547,0.011,V
2455726.188634,12.571,0.012,V
2455726.189097,12.554,0.011,V
2455726.189549,12.565,0.011,V
2455727.023472,12.654,0.015,V
2455727.024699,12.676,0.016,V
2455727.026123,12.649,0.016,V
2455727.028148,12.634,0.016,V
2455727.029537,12.619,0.015,V
2455727.031563,12.653,0.016,V
2455727.032963,12.626,0.016,V
2455727.034988,12.658,0.016,V
2455727.036192,12.634,0.016,V
2455727.038218,12.659,0.016,V
2455727.039630,12.645,0.016,V
2455727.041690,12.658,0.015,V
2455727.043102,12.666,0.015,V
2455727.045150,12.662,0.015,V
2455727.046551,12.632,0.015,V
2455727.048588,12.619,0.015,V
2455727.049792,12.671,0.016,V
2455727.051840,12.668,0.015,V
2455727.053252,12.643,0.015,V
2455727.055312,12.650,0.015,V
2455727.056724,12.623,0.015,V
2455727.058773,12.646,0.017,V
2455727.060185,12.666,0.017,V
2455727.062222,12.633,0.016,V
2455727.063426,12.620,0.016,V
2455727.065474,12.629,0.016,V
2455727.066875,12.647,0.017,V
2455727.068912,12.615,0.015,V
2455727.070324,12.633,0.017,V
2455727.74443,12.380,0.013,V
2455727.74566,12.438,0.013,V
2455729.00923,12.723,0.026,V
2455729.681204,13.108,0.027,V
2455729.8583,13.05,0.00,V
2455730.9514,12.89,0.02,V
2455732.00533,13.105,0.013,V
2455733.024,13.08,0.01,V
2455735.92,13.42,0.02,V
2455736.02483,13.354,0.011,V
2455736.98823,13.674,0.012,V
2455737.9576,13.58,0.03,V
2455737.97674,13.575,0.012,V
2455737.984444,13.523,0.020,V
2455737.986701,13.531,0.019,V
2455737.988970,13.550,0.021,V
2455737.991273,13.546,0.021,V
2455737.993565,13.575,0.020,V
2455737.995857,13.559,0.021,V
2455737.998160,13.575,0.021,V
2455738.000440,13.585,0.022,V
2455738.002732,13.595,0.021,V
2455738.005000,13.640,0.023,V
2455738.007280,13.610,0.022,V
2455738.009549,13.599,0.022,V
2455738.011829,13.630,0.022,V
2455738.014109,13.574,0.021,V
2455738.016377,13.627,0.022,V
2455738.018646,13.649,0.022,V
2455738.020926,13.642,0.023,V
2455738.023206,13.671,0.023,V
2455738.025474,13.629,0.022,V
2455738.027743,13.596,0.021,V
2455738.030012,13.656,0.024,V
2455738.032280,13.698,0.023,V
2455738.034549,13.682,0.023,V
2455738.036806,13.650,0.022,V
2455738.039074,13.651,0.022,V
2455738.048079,13.611,0.023,V
2455738.048588,13.628,0.022,V
2455738.049525,13.681,0.023,V
2455738.050023,13.641,0.023,V
2455738.050463,13.578,0.022,V
2455738.050903,13.641,0.023,V
2455738.051354,13.647,0.022,V
2455738.051979,13.669,0.023,V
2455738.052431,13.639,0.023,V
2455738.052870,13.641,0.023,V
2455738.053310,13.619,0.023,V
2455738.053947,13.653,0.023,V
2455738.054387,13.633,0.022,V
2455738.054838,13.624,0.022,V
2455738.055289,13.655,0.022,V
2455738.055914,13.623,0.022,V
2455738.056366,13.612,0.022,V
2455738.056806,13.625,0.024,V
2455738.057245,13.623,0.023,V
2455738.057882,13.614,0.023,V
2455738.058322,13.611,0.022,V
2455738.058773,13.654,0.023,V
2455738.059213,13.585,0.022,V
2455738.059850,13.649,0.022,V
2455738.060289,13.671,0.023,V
2455738.060741,13.590,0.021,V
2455738.061181,13.613,0.022,V
2455738.061829,13.689,0.024,V
2455738.062257,13.568,0.022,V
2455738.062708,13.566,0.021,V
2455738.063148,13.657,0.023,V
2455738.063773,13.669,0.023,V
2455738.064213,13.650,0.023,V
2455738.064664,13.641,0.023,V
2455738.065104,13.672,0.025,V
2455738.065752,13.617,0.023,V
2455738.066192,13.640,0.024,V
2455738.066632,13.660,0.025,V
2455738.067083,13.646,0.024,V
2455738.067732,13.600,0.022,V
2455738.068171,13.630,0.023,V
2455738.068623,13.627,0.023,V
2455738.069074,13.597,0.022,V
2455738.069722,13.657,0.024,V
2455738.070174,13.625,0.022,V
2455738.070613,13.672,0.024,V
2455738.071065,13.633,0.023,V
2455738.071701,13.634,0.024,V
2455738.072141,13.689,0.024,V
2455738.072593,13.578,0.022,V
2455738.073044,13.690,0.024,V
2455738.073692,13.651,0.023,V
2455738.074144,13.643,0.023,V
2455738.074583,13.668,0.024,V
2455738.075035,13.688,0.024,V
2455738.079664,13.612,0.025,V
2455738.080116,13.606,0.024,V
2455738.080567,13.669,0.026,V
2455738.081019,13.638,0.024,V
2455738.081667,13.666,0.023,V
2455738.082106,13.618,0.023,V
2455738.082558,13.650,0.024,V
2455738.083009,13.606,0.024,V
2455738.083657,13.627,0.025,V
2455738.084109,13.636,0.024,V
2455738.084549,13.648,0.024,V
2455738.084988,13.648,0.024,V
2455738.085637,13.615,0.023,V
2455738.086088,13.597,0.022,V
2455738.086539,13.639,0.025,V
2455738.086979,13.593,0.024,V
2455738.087627,13.644,0.024,V
2455738.088079,13.609,0.024,V
2455738.088530,13.649,0.025,V
2455738.088970,13.640,0.024,V
2455738.089618,13.690,0.024,V
2455738.090069,13.622,0.023,V
2455738.090521,13.676,0.024,V
2455738.090972,13.619,0.023,V
2455738.091620,13.663,0.023,V
2455738.092060,13.664,0.024,V
2455738.092512,13.661,0.023,V
2455738.092951,13.642,0.024,V
2455738.093588,13.636,0.023,V
2455738.094028,13.624,0.023,V
2455738.094479,13.633,0.023,V
2455738.094919,13.617,0.023,V
2455738.095556,13.680,0.024,V
2455738.095995,13.645,0.023,V
2455738.096435,13.655,0.024,V
2455738.096887,13.677,0.024,V
2455738.097512,13.691,0.025,V
2455738.097963,13.694,0.024,V
2455738.098403,13.674,0.024,V
2455738.098854,13.661,0.025,V
2455738.099479,13.617,0.024,V
2455738.099919,13.654,0.025,V
2455738.100370,13.666,0.024,V
2455738.100810,13.656,0.025,V
2455738.101447,13.699,0.025,V
2455738.101898,13.686,0.025,V
2455738.102338,13.640,0.026,V
2455738.102789,13.687,0.025,V
2455738.103414,13.720,0.028,V
2455738.103854,13.623,0.024,V
2455738.104306,13.659,0.027,V
2455738.104745,13.732,0.029,V
2455738.105382,13.658,0.027,V
2455738.105822,13.640,0.028,V
2455738.106273,13.720,0.032,V
2455738.106713,13.615,0.028,V
2455738.107350,13.655,0.029,V
2455738.107789,13.679,0.030,V
2455738.108229,13.652,0.030,V
2455738.108681,13.719,0.031,V
2455738.109306,13.690,0.030,V
2455738.109745,13.651,0.029,V
2455738.110197,13.667,0.029,V
2455738.110637,13.710,0.030,V
2455738.111285,13.710,0.030,V
2455738.111725,13.710,0.030,V
2455738.112164,13.603,0.029,V
2455738.112604,13.630,0.030,V
2455738.115463,13.644,0.030,V
2455738.115914,13.667,0.030,V
2455738.116366,13.707,0.032,V
2455738.116817,13.619,0.028,V
2455738.117268,13.593,0.028,V
2455738.117917,13.661,0.031,V
2455738.118368,13.621,0.031,V
2455738.118819,13.648,0.031,V
2455738.119271,13.701,0.032,V
2455738.119907,13.720,0.033,V
2455738.120359,13.656,0.031,V
2455738.120810,13.677,0.030,V
2455738.121250,13.695,0.031,V
2455738.121910,13.634,0.030,V
2455738.122350,13.636,0.030,V
2455738.122801,13.714,0.031,V
2455738.123252,13.726,0.031,V
2455738.123889,13.669,0.030,V
2455738.124329,13.654,0.028,V
2455738.124780,13.658,0.029,V
2455738.125231,13.692,0.029,V
2455738.125880,13.649,0.027,V
2455738.126319,13.679,0.027,V
2455738.126759,13.612,0.025,V
2455738.127199,13.677,0.028,V
2455738.127836,13.673,0.026,V
2455738.128287,13.716,0.026,V
2455738.128727,13.700,0.026,V
2455738.129167,13.717,0.026,V
2455738.129815,13.688,0.025,V
2455738.130266,13.682,0.025,V
2455738.130706,13.684,0.026,V
2455738.131146,13.643,0.024,V
2455738.131794,13.665,0.024,V
2455738.132234,13.672,0.024,V
2455738.132674,13.731,0.025,V
2455738.133113,13.682,0.024,V
2455738.133750,13.621,0.023,V
2455738.134190,13.684,0.024,V
2455738.134630,13.662,0.023,V
2455738.135081,13.739,0.025,V
2455738.135729,13.664,0.025,V
2455738.136181,13.638,0.024,V
2455738.136632,13.704,0.025,V
2455738.137072,13.656,0.024,V
2455738.137708,13.699,0.025,V
2455738.138160,13.713,0.026,V
2455738.138611,13.752,0.027,V
2455738.139063,13.707,0.025,V
2455738.139641,13.698,0.026,V
2455738.140081,13.669,0.025,V
2455738.140532,13.679,0.024,V
2455738.140972,13.677,0.024,V
2455738.141597,13.706,0.025,V
2455738.142037,13.695,0.026,V
2455738.142488,13.678,0.025,V
2455738.142928,13.672,0.025,V
2455738.143565,13.685,0.025,V
2455738.144005,13.623,0.024,V
2455738.144456,13.749,0.026,V
2455738.144896,13.666,0.023,V
2455738.145509,13.666,0.024,V
2455738.145961,13.647,0.025,V
2455738.146401,13.712,0.026,V
2455738.146840,13.656,0.025,V
2455738.147477,13.702,0.026,V
2455738.147917,13.654,0.024,V
2455738.148368,13.698,0.025,V
2455738.148808,13.713,0.026,V
2455738.149444,13.690,0.026,V
2455738.149884,13.657,0.026,V
2455738.150336,13.691,0.026,V
2455738.150776,13.737,0.027,V
2455738.151401,13.653,0.025,V
2455738.151840,13.743,0.026,V
2455738.152292,13.681,0.025,V
2455738.152743,13.748,0.027,V
2455738.153345,13.700,0.026,V
2455738.153796,13.677,0.026,V
2455738.154248,13.708,0.026,V
2455738.154688,13.695,0.026,V
2455738.155313,13.752,0.027,V
2455738.155764,13.678,0.026,V
2455738.156204,13.679,0.026,V
2455738.156644,13.719,0.027,V
2455738.98700,13.460,0.010,V
2455739.973194,13.907,0.031,V
2455739.975498,13.797,0.028,V
2455739.982407,13.800,0.028,V
2455739.984745,13.883,0.030,V
2455739.987107,13.842,0.030,V
2455739.989410,13.872,0.029,V
2455739.994109,13.897,0.030,V
2455739.996401,13.834,0.030,V
2455739.998681,13.858,0.031,V
2455740.000961,13.843,0.031,V
2455740.985313,13.670,0.011,V
2455740.988472,13.659,0.011,V
2455740.991644,13.695,0.012,V
2455740.994815,13.667,0.011,V
2455740.997986,13.690,0.012,V
2455741.001157,13.684,0.012,V
2455741.004317,13.699,0.012,V
2455741.007477,13.695,0.012,V
2455741.010613,13.691,0.012,V
2455741.013993,13.701,0.012,V
2455741.017199,13.695,0.012,V
2455741.020336,13.691,0.012,V
2455741.023484,13.719,0.012,V
2455741.026678,13.708,0.012,V
2455741.029838,13.674,0.012,V
2455741.033032,13.702,0.012,V
2455741.058391,13.703,0.012,V
2455741.061551,13.687,0.012,V
2455741.064711,13.727,0.012,V
2455741.067870,13.717,0.012,V
2455741.071018,13.701,0.012,V
2455742.023727,12.092,0.005,CV
2455742.025845,12.105,0.005,CV
2455742.026123,12.117,0.005,CV
2455742.026366,12.093,0.005,CV
2455742.026597,12.095,0.005,CV
2455742.026817,12.104,0.005,CV
2455742.027037,12.095,0.005,CV
2455742.027384,12.098,0.005,CV
2455742.027593,12.096,0.005,CV
2455742.027801,12.091,0.005,CV
2455742.028021,12.096,0.005,CV
2455742.028229,12.106,0.005,CV
2455742.028634,12.099,0.005,CV
2455742.028854,12.102,0.005,CV
2455742.029063,12.100,0.005,CV
2455742.029282,12.084,0.005,CV
2455742.029502,12.093,0.005,CV
2455742.029722,12.091,0.005,CV
2455742.029931,12.094,0.005,CV
2455742.030151,12.098,0.005,CV
2455742.030370,12.079,0.005,CV
2455742.030602,12.097,0.005,CV
2455742.031053,12.097,0.005,CV
2455742.031273,12.096,0.005,CV
2455742.031493,12.083,0.005,CV
2455742.031713,12.099,0.005,CV
2455742.031933,12.085,0.005,CV
2455742.032153,12.092,0.005,CV
2455742.032361,12.106,0.005,CV
2455742.032593,12.118,0.005,CV
2455742.032801,12.101,0.005,CV
2455742.033009,12.094,0.005,CV
2455742.033414,12.083,0.005,CV
2455742.033623,12.092,0.005,CV
2455742.033843,12.092,0.005,CV
2455742.034051,12.092,0.005,CV
2455742.034271,12.087,0.005,CV
2455742.034491,12.108,0.005,CV
2455742.034699,12.095,0.005,CV
2455742.034907,12.084,0.005,CV
2455742.035127,12.085,0.005,CV
2455742.035336,12.083,0.005,CV
2455742.035764,12.100,0.005,CV
2455742.035972,12.070,0.005,CV
2455742.036192,12.087,0.005,CV
2455742.036401,12.073,0.005,CV
2455742.036620,12.095,0.005,CV
2455742.036829,12.102,0.005,CV
2455742.037037,12.097,0.005,CV
2455742.037257,12.099,0.005,CV
2455742.037465,12.071,0.005,CV
2455742.037685,12.082,0.005,CV
2455742.038113,12.081,0.005,CV
2455742.038322,12.089,0.005,CV
2455742.043056,12.094,0.005,CV
2455742.043276,12.089,0.005,CV
2455742.043484,12.098,0.005,CV
2455742.043692,12.105,0.005,CV
2455742.043912,12.081,0.005,CV
2455742.044120,12.078,0.005,CV
2455742.044329,12.074,0.005,CV
2455742.044549,12.091,0.005,CV
2455742.044769,12.081,0.005,CV
2455742.045174,12.096,0.005,CV
2455742.045382,12.095,0.005,CV
2455742.045602,12.073,0.005,CV
2455742.045810,12.094,0.005,CV
2455742.046018,12.097,0.005,CV
2455742.046238,12.104,0.005,CV
2455742.046447,12.108,0.005,CV
2455742.046667,12.101,0.005,CV
2455742.046875,12.098,0.005,CV
2455742.047083,12.088,0.005,CV
2455742.047500,12.091,0.005,CV
2455742.047720,12.091,0.005,CV
2455742.047928,12.091,0.005,CV
2455742.048137,12.083,0.005,CV
2455742.048357,12.102,0.005,CV
2455742.048565,12.108,0.005,CV
2455742.048773,12.098,0.005,CV
2455742.048993,12.108,0.005,CV
2455742.049201,12.085,0.005,CV
2455742.049421,12.090,0.005,CV
2455742.049826,12.092,0.005,CV
2455742.050035,12.103,0.005,CV
2455742.050255,12.098,0.005,CV
2455742.050463,12.102,0.005,CV
2455742.050683,12.107,0.005,CV
2455742.050891,12.097,0.005,CV
2455742.051100,12.091,0.005,CV
2455742.051319,12.085,0.005,CV
2455742.051528,12.085,0.005,CV
2455742.051748,12.073,0.005,CV
2455742.052153,12.089,0.005,CV
2455742.052361,12.097,0.005,CV
2455742.052581,12.091,0.005,CV
2455742.052789,12.084,0.005,CV
2455742.053009,12.089,0.005,CV
2455742.053229,12.087,0.005,CV
2455742.053437,12.088,0.005,CV
2455742.053657,12.099,0.005,CV
2455742.053866,12.091,0.005,CV
2455742.054074,12.081,0.005,CV
2455742.054491,12.101,0.005,CV
2455742.054711,12.100,0.005,CV
2455742.054919,12.080,0.005,CV
2455742.055151,12.073,0.005,CV
2455742.055359,12.086,0.005,CV
2455742.055579,12.102,0.006,CV
2455742.055799,12.098,0.005,CV
2455742.056007,12.104,0.005,CV
2455742.056215,12.090,0.005,CV
2455742.056435,12.100,0.005,CV
2455742.056840,12.096,0.005,CV
2455742.057060,12.100,0.005,CV
2455742.057268,12.093,0.005,CV
2455742.057488,12.088,0.005,CV
2455742.057697,12.101,0.005,CV
2455742.057917,12.091,0.005,CV
2455742.058125,12.085,0.005,CV
2455742.058333,12.093,0.005,CV
2455742.058553,12.071,0.005,CV
2455742.058762,12.092,0.005,CV
2455742.059178,12.091,0.005,CV
2455742.059398,12.094,0.005,CV
2455742.059607,12.081,0.005,CV
2455742.059826,12.065,0.005,CV
2455742.060035,12.083,0.005,CV
2455742.060243,12.082,0.005,CV
2455742.060463,12.076,0.005,CV
2455742.060671,12.094,0.005,CV
2455742.060891,12.087,0.005,CV
2455742.061099,12.106,0.005,CV
2455742.061516,12.074,0.005,CV
2455742.061724,12.085,0.005,CV
2455742.061944,12.072,0.005,CV
2455742.062153,12.084,0.005,CV
2455742.062361,12.098,0.005,CV
2455742.062581,12.082,0.005,CV
2455742.062789,12.088,0.005,CV
2455742.063009,12.079,0.005,CV
2455742.063218,12.085,0.005,CV
2455742.063438,12.064,0.005,CV
2455742.063843,12.086,0.005,CV
2455742.064062,12.096,0.005,CV
2455742.064271,12.101,0.005,CV
2455742.064479,12.091,0.005,CV
2455742.064699,12.094,0.005,CV
2455742.064907,12.099,0.005,CV
2455742.065127,12.086,0.005,CV
2455742.065347,12.083,0.005,CV
2455742.065567,12.077,0.005,CV
2455742.065787,12.083,0.005,CV
2455742.066204,12.092,0.005,CV
2455742.066412,12.088,0.005,CV
2455742.066620,12.091,0.005,CV
2455742.066840,12.075,0.005,CV
2455742.067049,12.089,0.005,CV
2455742.067269,12.089,0.005,CV
2455742.067477,12.082,0.005,CV
2455742.067697,12.091,0.005,CV
2455742.067928,12.086,0.005,CV
2455742.068137,12.079,0.005,CV
2455742.068565,12.089,0.005,CV
2455742.068785,12.087,0.005,CV
2455742.069005,12.086,0.005,CV
2455742.069225,12.084,0.005,CV
2455742.069433,12.091,0.005,CV
2455742.069653,12.077,0.005,CV
2455742.069873,12.095,0.005,CV
2455742.070093,12.086,0.005,CV
2455742.070301,12.087,0.005,CV
2455742.070521,12.079,0.005,CV
2455742.070926,12.108,0.005,CV
2455742.071157,12.103,0.005,CV
2455742.071366,12.086,0.005,CV
2455742.071586,12.097,0.005,CV
2455742.071794,12.094,0.005,CV
2455742.072014,12.094,0.005,CV
2455742.072222,12.080,0.005,CV
2455742.072442,12.068,0.005,CV
2455742.072651,12.082,0.005,CV
2455742.076759,12.091,0.005,CV
2455742.077049,12.092,0.005,CV
2455742.077268,12.082,0.005,CV
2455742.077488,12.088,0.005,CV
2455742.077697,12.083,0.005,CV
2455742.077917,12.093,0.005,CV
2455742.078125,12.080,0.005,CV
2455742.078345,12.083,0.005,CV
2455742.078553,12.091,0.006,CV
2455742.078762,12.083,0.006,CV
2455742.078982,12.082,0.005,CV
2455742.079387,12.090,0.005,CV
2455742.079607,12.068,0.005,CV
2455742.079815,12.108,0.006,CV
2455742.080035,12.073,0.005,CV
2455742.080243,12.058,0.005,CV
2455742.080463,12.092,0.005,CV
2455742.080671,12.067,0.005,CV
2455742.080880,12.098,0.005,CV
2455742.081088,12.084,0.005,CV
2455742.081308,12.089,0.005,CV
2455742.081724,12.093,0.005,CV
2455742.081933,12.063,0.005,CV
2455742.082153,12.092,0.005,CV
2455742.082361,12.100,0.005,CV
2455742.082569,12.093,0.005,CV
2455742.082789,12.090,0.005,CV
2455742.082998,12.100,0.005,CV
2455742.083206,12.090,0.005,CV
2455742.083426,12.093,0.005,CV
2455742.083646,12.079,0.005,CV
2455742.084062,12.101,0.005,CV
2455742.084282,12.082,0.005,CV
2455742.084491,12.076,0.005,CV
2455742.084699,12.092,0.005,CV
2455742.084919,12.087,0.005,CV
2455742.085127,12.101,0.005,CV
2455742.085336,12.090,0.005,CV
2455742.085556,12.100,0.005,CV
2455742.085764,12.103,0.005,CV
2455742.085972,12.088,0.005,CV
2455742.086401,12.089,0.005,CV
2455742.086609,12.081,0.005,CV
2455742.086817,12.085,0.005,CV
2455742.087037,12.091,0.005,CV
2455742.087245,12.088,0.005,CV
2455742.087454,12.101,0.005,CV
2455742.087674,12.089,0.005,CV
2455742.087882,12.097,0.005,CV
2455742.088102,12.093,0.005,CV
2455742.088322,12.113,0.005,CV
2455742.088738,12.093,0.005,CV
2455742.088958,12.080,0.005,CV
2455742.089167,12.107,0.005,CV
2455742.089387,12.088,0.005,CV
2455742.089595,12.095,0.005,CV
2455742.089815,12.073,0.005,CV
2455742.090023,12.100,0.005,CV
2455742.090232,12.089,0.005,CV
2455742.090451,12.086,0.005,CV
2455742.090660,12.086,0.005,CV
2455742.091088,12.093,0.005,CV
2455742.091296,12.094,0.005,CV
2455742.091516,12.084,0.005,CV
2455742.091725,12.095,0.005,CV
2455742.091944,12.077,0.005,CV
2455742.092153,12.087,0.005,CV
2455742.092373,12.082,0.005,CV
2455742.092581,12.087,0.005,CV
2455742.092789,12.084,0.005,CV
2455742.093009,12.081,0.005,CV
2455742.093437,12.086,0.006,CV
2455742.093646,12.095,0.006,CV
2455742.093854,12.087,0.006,CV
2455742.094063,12.089,0.006,CV
2455742.094282,12.088,0.006,CV
2455742.094491,12.076,0.006,CV
2455742.094711,12.101,0.006,CV
2455742.094931,12.086,0.006,CV
2455742.095139,12.075,0.006,CV
2455742.095359,12.076,0.006,CV
2455742.095764,12.099,0.006,CV
2455742.095984,12.107,0.006,CV
2455742.096204,12.088,0.006,CV
2455742.096412,12.092,0.006,CV
2455742.096620,12.093,0.006,CV
2455742.096840,12.079,0.006,CV
2455742.097049,12.084,0.006,CV
2455742.097268,12.080,0.006,CV
2455742.097477,12.082,0.006,CV
2455742.097697,12.085,0.006,CV
2455742.098113,12.091,0.006,CV
2455742.098333,12.047,0.006,CV
2455742.098553,12.091,0.006,CV
2455742.098762,12.085,0.006,CV
2455742.098970,12.079,0.006,CV
2455742.099190,12.069,0.006,CV
2455742.099410,12.095,0.006,CV
2455742.099618,12.096,0.006,CV
2455742.099838,12.089,0.006,CV
2455742.100046,12.090,0.006,CV
2455742.100486,12.090,0.006,CV
2455742.100694,12.094,0.006,CV
2455742.100914,12.090,0.006,CV
2455742.101123,12.059,0.006,CV
2455742.101331,12.092,0.006,CV
2455742.101551,12.077,0.005,CV
2455742.101759,12.082,0.006,CV
2455742.101968,12.067,0.005,CV
2455742.102176,12.085,0.005,CV
2455742.102396,12.092,0.005,CV
2455742.102801,12.089,0.005,CV
2455744.983484,13.707,0.014,V
2455744.986644,13.664,0.014,V
2455744.989815,13.625,0.013,V
2455744.992986,13.688,0.014,V
2455744.996146,13.660,0.014,V
2455744.999317,13.644,0.014,V
2455745.002477,13.618,0.013,V
2455745.005648,13.666,0.014,V
2455745.008796,13.660,0.014,V
2455745.011956,13.649,0.014,V
2455745.015116,13.671,0.014,V
2455745.018275,13.667,0.014,V
2455745.021458,13.633,0.014,V
2455745.024618,13.621,0.013,V
2455745.027789,13.624,0.014,V
2455745.030926,13.633,0.014,V
2455745.034051,13.637,0.014,V
2455745.041898,13.619,0.013,V
2455745.045486,13.608,0.013,V
2455745.046377,13.630,0.017,V
2455745.047141,13.602,0.014,V
2455745.047928,13.617,0.016,V
2455745.048727,13.617,0.021,V
2455745.049815,13.601,0.015,V
2455745.050613,13.609,0.021,V
2455745.051412,13.598,0.015,V
2455745.052211,13.611,0.014,V
2455745.053264,13.610,0.019,V
2455745.054074,13.609,0.016,V
2455745.054873,13.654,0.024,V
2455756.947,14.40,0.05,V
2455757.941227,14.371,0.027,V
2455757.943808,14.357,0.025,V
2455757.946238,14.339,0.025,V
2455757.948785,14.368,0.026,V
2455757.951331,14.312,0.025,V
2455757.953889,14.288,0.024,V
2455757.956401,14.300,0.025,V
2455757.958958,14.338,0.025,V
2455757.961516,14.297,0.025,V
2455757.964062,14.329,0.025,V
2455757.966597,14.270,0.024,V
2455757.969155,14.302,0.025,V
2455757.971701,14.295,0.024,V
2455757.974224,14.267,0.023,V
2455757.976771,14.264,0.024,V
2455757.979294,14.319,0.025,V
2455757.981840,14.290,0.024,V
2455757.984433,14.325,0.026,V
2455757.986991,14.293,0.025,V
2455757.989537,14.305,0.024,V
2455757.992083,14.332,0.026,V
2455757.994630,14.300,0.025,V
2455757.997153,14.307,0.024,V
2455757.999687,14.304,0.025,V
2455758.002234,14.276,0.024,V
2455758.004803,14.235,0.023,V
2455758.007338,14.306,0.028,V
2455758.009931,14.293,0.024,V
2455758.012500,14.236,0.023,V
2455758.015613,14.247,0.022,V
2455758.018183,14.227,0.022,V
2455758.020752,14.179,0.022,V
2455758.023333,14.226,0.023,V
2455758.025914,14.206,0.022,V
2455758.028553,14.190,0.022,V
2455758.031146,14.166,0.022,V
2455758.033715,14.256,0.023,V
2455758.036296,14.279,0.023,V
2455758.038866,14.285,0.024,V
2455758.041424,14.254,0.022,V
2455758.043970,14.296,0.024,V
2455758.046516,14.244,0.022,V
2455758.049051,14.206,0.023,V
2455758.051586,14.262,0.024,V
2455758.054144,14.219,0.022,V
2455758.056690,14.172,0.022,V
2455758.059259,14.194,0.022,V
2455758.061782,14.206,0.024,V
2455758.064306,14.214,0.022,V
2455758.066829,14.244,0.023,V
2455758.069363,14.192,0.022,V
2455765.027176,13.841,0.016,V
2455765.030532,13.802,0.016,V
2455765.032164,13.836,0.018,V
2455765.033958,13.880,0.017,V
2455765.035752,13.896,0.020,V
2455765.037535,13.877,0.017,V
2455765.039329,13.866,0.020,V
2455765.041123,13.840,0.035,V
2455765.042917,13.866,0.016,V
2455765.044734,13.895,0.017,V
2455765.046562,13.870,0.017,V
2455765.048368,13.937,0.017,V
2455765.050162,13.853,0.018,V
2455765.051968,13.921,0.017,V
2455765.053773,13.898,0.018,V
2455765.055567,13.939,0.018,V
2455765.057349,13.924,0.018,V
2455765.059120,13.878,0.019,V
2455765.060891,13.925,0.034,V
2455765.062662,13.891,0.017,V
2455765.064433,13.854,0.017,V
2455765.066215,13.902,0.019,V
2455765.067917,13.903,0.017,V
2455765.069711,13.885,0.017,V
2455765.071481,13.880,0.017,V
2455765.073241,13.899,0.017,V
2455765.075000,13.897,0.017,V
2455765.076782,13.899,0.017,V
2455765.078542,13.919,0.018,V
2455765.080301,13.946,0.017,V
2455765.082072,13.945,0.018,V
2455765.083843,13.938,0.018,V
2455765.085613,13.934,0.018,V
2455765.087384,13.941,0.018,V
2455765.089178,13.927,0.018,V
2455765.090961,13.949,0.022,V
2455765.092743,13.939,0.018,V
2455765.094514,13.924,0.022,V
2455765.096296,13.937,0.018,V
2455765.098079,13.923,0.018,V
2455765.099850,13.920,0.018,V
2455765.101632,13.887,0.017,V
2455765.103426,13.938,0.018,V
2455765.105208,13.908,0.017,V
2455765.106991,13.896,0.018,V
2455765.108808,13.929,0.018,V
2455765.110602,13.937,0.019,V
2455765.112407,13.951,0.019,V
2455765.114236,13.958,0.020,V
2455765.116065,13.907,0.019,V
2455765.117870,13.912,0.018,V
2455765.119687,13.939,0.020,V
2455765.121505,13.974,0.020,V
2455765.123310,13.953,0.020,V
2455765.125081,13.935,0.020,V
2455765.97635,14.357,0.035,V
2455768.959618,14.704,0.020,V
2455768.962535,14.655,0.034,V
2455768.965498,14.686,0.026,V
2455768.968600,14.677,0.020,V
2455769.881632,14.721,0.021,V
2455769.884607,14.742,0.022,V
2455769.887720,14.726,0.025,V
2455769.890833,14.751,0.027,V
2455769.893935,14.751,0.039,V
2455769.897037,14.654,0.044,V
2455769.900127,14.716,0.068,V
2455769.906319,14.789,0.029,V
2455769.909421,14.736,0.027,V
2455769.912523,14.797,0.048,V
2455769.918750,14.720,0.035,V
2455769.921887,14.708,0.031,V
2455769.98953,14.783,0.039,V
2455770.900313,14.668,0.015,V
2455770.903310,14.684,0.015,V
2455770.906400,14.718,0.016,V
2455770.909479,14.688,0.015,V
2455770.912569,14.677,0.015,V
2455770.915648,14.688,0.017,V
2455770.918727,14.684,0.017,V
2455770.921759,14.680,0.016,V
2455770.924849,14.659,0.020,V
2455770.927940,14.658,0.019,V
2455770.931030,14.651,0.017,V
2455770.934132,14.626,0.015,V
2455770.937222,14.680,0.018,V
2455770.940301,14.663,0.018,V
2455770.943380,14.645,0.018,V
2455770.946470,14.668,0.018,V
2455770.949549,14.620,0.017,V
2455770.952639,14.637,0.017,V
2455770.955729,14.607,0.028,V
2455770.958808,14.631,0.023,V
2455770.961887,14.687,0.025,V
2455770.964988,14.638,0.032,V
2455770.968044,14.659,0.029,V
2455770.971123,14.724,0.040,V
2455770.974201,14.821,0.044,V
2455770.977280,14.636,0.017,V
2455770.980359,14.627,0.018,V
2455770.983438,14.624,0.018,V
2455770.986528,14.639,0.019,V
2455770.989630,14.655,0.018,V
2455770.992720,14.650,0.019,V
2455770.995822,14.660,0.021,V
2455770.998901,14.661,0.017,V
2455771.001991,14.647,0.017,V
2455771.005081,14.646,0.018,V
2455771.008160,14.649,0.026,V
2455771.011250,14.618,0.019,V
2455771.014375,14.631,0.015,V
2455771.017662,14.615,0.014,V
2455771.020752,14.605,0.014,V
2455771.023843,14.640,0.016,V
2455771.026933,14.641,0.021,V
2455771.030023,14.629,0.016,V
2455771.033102,14.639,0.023,V
2455771.895475,14.697,0.015,V
2455771.898576,14.675,0.015,V
2455771.901782,14.634,0.014,V
2455771.904988,14.625,0.014,V
2455771.908125,14.663,0.014,V
2455771.911331,14.645,0.014,V
2455771.914526,14.665,0.021,V
2455771.917743,14.609,0.015,V
2455771.920961,14.668,0.023,V
2455771.924167,14.666,0.015,V
2455771.927373,14.690,0.015,V
2455771.930579,14.676,0.015,V
2455771.933796,14.636,0.015,V
2455771.936944,14.627,0.065,V
2455771.940139,14.622,0.014,V
2455771.943345,14.656,0.014,V
2455771.946563,14.634,0.015,V
2455771.949780,14.665,0.016,V
2455771.952986,14.651,0.015,V
2455771.956204,14.689,0.016,V
2455771.959410,14.632,0.015,V
2455771.962639,14.622,0.014,V
2455771.965857,14.642,0.015,V
2455771.969074,14.641,0.016,V
2455771.972292,14.681,0.016,V
2455771.975532,14.719,0.016,V
2455771.978762,14.649,0.015,V
2455771.981979,14.652,0.019,V
2455771.985185,14.665,0.016,V
2455771.988403,14.673,0.015,V
2455771.991863,14.637,0.016,V
2455771.994931,14.641,0.018,V
2455771.998137,14.624,0.029,V
2455772.001331,14.593,0.024,V
2455772.004537,14.696,0.023,V
2455772.007732,14.684,0.018,V
2455772.010949,14.663,0.017,V
2455772.014144,14.659,0.018,V
2455772.017350,14.663,0.018,V
2455772.020556,14.640,0.019,V
2455772.023762,14.634,0.030,V
2455772.026956,14.800,0.027,V
2455773.901516,14.580,0.014,V
2455773.905081,14.614,0.014,V
2455773.908750,14.592,0.015,V
2455773.912419,14.618,0.015,V
2455773.916076,14.637,0.015,V
2455773.919734,14.633,0.016,V
2455773.923391,14.617,0.021,V
2455773.927049,14.622,0.023,V
2455773.930694,14.625,0.020,V
2455773.934340,14.602,0.019,V
2455773.937998,14.593,0.026,V
2455773.941632,14.632,0.023,V
2455773.945324,14.616,0.024,V
2455773.949005,14.373,0.018,V
2455773.952651,14.411,0.101,V
2455773.956296,14.632,0.028,V
2455773.959942,14.638,0.029,V
2455773.963599,14.732,0.038,V
2455773.967257,14.588,0.033,V
2455773.970903,14.588,0.018,V
2455773.974560,14.646,0.031,V
2455773.978218,14.661,0.018,V
2455773.981887,14.681,0.023,V
2455773.985544,14.649,0.035,V
2455773.989178,14.622,0.031,V
2455773.992824,14.748,0.034,V
2455773.996493,14.710,0.022,V
2455775.99877,14.392,0.029,V
2455776.906574,14.317,0.016,V
2455776.911586,14.322,0.016,V
2455776.916586,14.296,0.016,V
2455776.921586,14.325,0.017,V
2455776.926586,14.370,0.016,V
2455776.931667,14.348,0.017,V
2455776.936701,14.311,0.016,V
2455776.941759,14.338,0.016,V
2455776.946725,14.265,0.015,V
2455776.951748,14.327,0.016,V
2455776.956724,14.329,0.017,V
2455776.961736,14.297,0.016,V
2455776.966725,14.280,0.015,V
2455776.971713,14.309,0.016,V
2455776.976713,14.280,0.016,V
2455776.981701,14.317,0.016,V
2455776.986701,14.285,0.016,V
2455776.991690,14.346,0.016,V
2455776.996690,14.361,0.017,V
2455777.001725,14.335,0.016,V
2455793.035833,15.085,0.025,V
2455793.039780,15.117,0.027,V
2455793.043750,15.088,0.026,V
2455793.047662,15.114,0.027,V
2455793.052234,15.117,0.028,V
2455795.045868,14.960,0.021,V
2455795.048947,14.996,0.021,V
2455795.052060,14.964,0.022,V
2455795.863495,15.201,0.025,V
2455795.864780,15.199,0.024,V
2455795.866204,15.191,0.024,V
2455795.867639,15.215,0.024,V
2455795.869051,15.219,0.023,V
2455795.870463,15.198,0.023,V
2455795.871887,15.240,0.023,V
2455795.873299,15.166,0.022,V
2455795.874711,15.181,0.022,V
2455795.876146,15.137,0.021,V
2455797.874518,15.04,0.013,V
2455799.921534,15.179,0.016,V
2455800.89771,15.29,0.011,V
2455818.905752,15.45,0.02,V
2455822.902325,15.49,0.014,V
2455827.914653,15.63,0.02,V
2455837.944886,15.78,0.014,V
2455838.932417,15.76,0.02,V
2455851.935631,15.90,0.02,V
2456092.063487,17.79,0.15,V
2456094.056667,18.3,0.2,V
2456112.848819,<17.1,0.2,V
2456117.009394,18.7,0.3,V
