2456010.59908,9.395,0.004,V
2456010.60233,9.414,0.004,V
2456010.60587,9.415,0.004,V
2456010.60942,9.420,0.004,V
2456010.61296,9.417,0.004,V
2456010.61653,9.426,0.004,V
2456010.62012,9.431,0.004,V
2456010.62371,9.421,0.004,V
2456010.62729,9.444,0.004,V
2456010.63086,9.446,0.004,V
2456010.63444,9.449,0.004,V
2456010.63802,9.446,0.004,V
2456010.64159,9.450,0.004,V
2456010.64520,9.455,0.004,V
2456010.64879,9.464,0.004,V
2456010.65239,9.457,0.004,V
2456010.65599,9.459,0.004,V
2456010.65959,9.454,0.004,V
2456010.66320,9.452,0.004,V
2456010.66714,9.447,0.004,V
2456010.67106,9.449,0.004,V
2456010.67501,9.456,0.004,V
2456010.67850,9.449,0.003,V
2456010.68202,9.459,0.003,V
2456010.68555,9.457,0.003,V
2456010.68907,9.456,0.003,V
2456010.69260,9.454,0.003,V
2456010.69613,9.453,0.003,V
2456010.70004,9.452,0.003,V
2456010.70394,9.446,0.003,V
2456010.70785,9.446,0.003,V
2456010.71143,9.444,0.003,V
2456010.71502,9.446,0.003,V
2456010.71858,9.452,0.003,V
2456010.72217,9.452,0.003,V
2456010.72573,9.444,0.003,V
2456010.72932,9.450,0.003,V
2456010.73328,9.448,0.003,V
2456010.73725,9.441,0.003,V
2456010.74123,9.440,0.003,V
2456010.74504,9.462,0.003,V
2456010.74876,9.449,0.003,V
2456010.75247,9.451,0.003,V
2456010.75578,9.445,0.003,V
2456010.75910,9.456,0.003,V
2456010.76241,9.476,0.003,V
2456010.76678,9.464,0.003,V
2456010.77166,9.461,0.003,V
2456010.77655,9.469,0.003,V
2456010.78144,9.462,0.003,V
2456010.78633,9.487,0.003,V
2456011.59628,9.553,0.004,V
2456011.59957,9.560,0.004,V
2456011.60313,9.554,0.004,V
2456011.60668,9.558,0.004,V
2456011.61025,9.573,0.004,V
2456011.61385,9.568,0.004,V
2456011.61745,9.536,0.004,V
2456011.62105,9.560,0.004,V
2456011.62464,9.567,0.004,V
2456011.62823,9.563,0.004,V
2456011.63182,9.552,0.004,V
2456011.63542,9.555,0.004,V
2456011.63902,9.549,0.004,V
2456011.64263,9.567,0.004,V
2456011.64623,9.559,0.004,V
2456011.64984,9.568,0.004,V
2456011.65344,9.574,0.004,V
2456011.65705,9.572,0.004,V
2456011.66068,9.562,0.004,V
2456011.66462,9.562,0.004,V
2456011.66856,9.579,0.004,V
2456011.67252,9.565,0.004,V
2456011.67604,9.561,0.004,V
2456011.67954,9.568,0.004,V
2456011.68305,9.573,0.004,V
2456011.68657,9.564,0.004,V
2456011.69006,9.586,0.004,V
2456011.69357,9.584,0.004,V
2456011.69746,9.571,0.004,V
2456011.70135,9.586,0.004,V
2456011.70524,9.568,0.003,V
2456011.70880,9.597,0.004,V
2456011.71239,9.563,0.004,V
2456011.71954,9.590,0.005,V
2456011.95159,10.036,0.003,V
2456011.95201,10.035,0.003,V
2456011.95244,10.048,0.003,V
2456012.59350,9.739,0.004,V
2456012.59674,9.735,0.004,V
2456012.60027,9.729,0.004,V
2456012.60380,9.742,0.004,V
2456012.60734,9.734,0.004,V
2456012.61092,9.733,0.004,V
2456012.61450,9.737,0.004,V
2456012.61807,9.756,0.004,V
2456012.62164,9.755,0.004,V
2456012.62520,9.743,0.004,V
2456012.62877,9.743,0.004,V
2456012.63233,9.742,0.004,V
2456012.63591,9.760,0.004,V
2456012.63950,9.771,0.004,V
2456012.64307,9.780,0.004,V
2456012.64664,9.768,0.004,V
2456012.65024,9.761,0.004,V
2456012.65383,9.768,0.004,V
2456012.65741,9.774,0.004,V
2456012.66136,9.784,0.004,V
2456012.66530,9.789,0.004,V
2456012.66924,9.802,0.004,V
2456012.67273,9.799,0.004,V
2456012.67622,9.798,0.004,V
2456012.67973,9.774,0.004,V
2456012.68325,9.801,0.004,V
2456012.68677,9.810,0.004,V
2456012.69028,9.809,0.004,V
2456012.69417,9.802,0.004,V
2456012.69806,9.811,0.004,V
2456012.70196,9.820,0.004,V
2456012.70552,9.832,0.004,V
2456012.70910,9.852,0.004,V
2456012.71266,9.837,0.004,V
2456012.71624,9.855,0.004,V
2456012.71983,9.880,0.004,V
2456012.72342,9.875,0.004,V
2456012.72738,9.899,0.004,V
2456012.73135,9.896,0.004,V
2456012.73532,9.887,0.004,V
2456012.73913,9.912,0.004,V
2456012.74284,9.906,0.004,V
2456012.74653,9.927,0.004,V
2456012.74982,9.907,0.004,V
2456012.75311,9.913,0.004,V
2456012.75641,9.937,0.004,V
2456012.76192,9.920,0.004,V
2456012.76679,9.927,0.004,V
2456012.77164,9.935,0.004,V
2456012.77650,9.957,0.004,V
2456012.971262,9.97,0.02,V
2456013.59078,9.913,0.005,V
2456013.59405,9.922,0.005,V
2456013.59761,9.916,0.004,V
2456013.60117,9.919,0.004,V
2456013.60474,9.944,0.004,V
2456013.60835,9.961,0.004,V
2456013.61195,9.922,0.005,V
2456013.61556,10.004,0.006,V
2456013.61917,9.961,0.004,V
2456013.62277,9.973,0.004,V
2456013.62637,9.967,0.004,V
2456013.62997,10.028,0.006,V
2456013.63357,10.025,0.005,V
2456013.63719,9.989,0.004,V
2456013.64079,9.995,0.004,V
2456013.64439,9.990,0.004,V
2456013.64800,10.004,0.004,V
2456013.65163,10.008,0.004,V
2456013.65524,10.014,0.004,V
2456013.65918,10.016,0.004,V
2456013.66314,10.025,0.004,V
2456013.66709,10.034,0.004,V
2456013.67062,10.038,0.004,V
2456013.67415,10.033,0.004,V
2456013.67769,10.031,0.004,V
2456013.68122,10.053,0.004,V
2456013.68477,10.047,0.004,V
2456013.68833,10.054,0.004,V
2456013.69225,10.057,0.004,V
2456013.69616,10.069,0.004,V
2456013.70008,10.070,0.004,V
2456013.70365,10.070,0.004,V
2456013.70726,10.072,0.004,V
2456013.71087,10.074,0.004,V
2456013.71451,10.077,0.004,V
2456013.71813,10.083,0.004,V
2456013.72175,10.070,0.004,V
2456013.72576,10.110,0.004,V
2456013.72975,10.102,0.004,V
2456013.73376,10.093,0.004,V
2456013.73759,10.115,0.004,V
2456013.74133,10.102,0.004,V
2456013.74508,10.088,0.004,V
2456013.74842,10.087,0.004,V
2456013.75175,10.091,0.004,V
2456013.75922,10.091,0.004,V
2456013.76410,10.095,0.004,V
2456013.76899,10.093,0.004,V
2456013.77387,10.085,0.004,V
2456013.98857,9.979,0.003,V
2456013.98899,9.981,0.004,V
2456013.98941,9.966,0.004,V
2456014.58795,10.267,0.005,V
2456014.59120,10.275,0.005,V
2456014.59475,10.272,0.005,V
2456014.59829,10.261,0.005,V
2456014.60183,10.269,0.005,V
2456014.60542,10.231,0.005,V
2456014.60901,10.257,0.005,V
2456014.61260,10.264,0.004,V
2456014.61617,10.264,0.004,V
2456014.61975,10.264,0.004,V
2456014.62334,10.246,0.004,V
2456014.62692,10.251,0.004,V
2456014.63049,10.245,0.004,V
2456014.63409,10.256,0.004,V
2456014.63768,10.241,0.004,V
2456014.64128,10.254,0.004,V
2456014.64488,10.248,0.004,V
2456014.64848,10.229,0.004,V
2456014.65209,10.247,0.004,V
2456014.65601,10.235,0.004,V
2456014.65996,10.255,0.004,V
2456014.66388,10.249,0.004,V
2456014.66738,10.241,0.004,V
2456014.67089,10.250,0.004,V
2456014.67439,10.254,0.004,V
2456014.67792,10.239,0.004,V
2456014.68145,10.256,0.004,V
2456014.68498,10.261,0.004,V
2456014.68889,10.241,0.004,V
2456014.69281,10.249,0.004,V
2456014.69671,10.244,0.004,V
2456014.70027,10.253,0.004,V
2456014.70385,10.249,0.004,V
2456014.70744,10.253,0.004,V
2456014.71105,10.246,0.004,V
2456014.71465,10.241,0.004,V
2456014.71825,10.240,0.004,V
2456014.72224,10.247,0.004,V
2456014.72622,10.251,0.004,V
2456014.73021,10.250,0.004,V
2456014.73403,10.262,0.004,V
2456014.73775,10.262,0.004,V
2456014.74146,10.259,0.004,V
2456014.74476,10.240,0.004,V
2456014.74807,10.247,0.004,V
2456014.75137,10.234,0.004,V
2456014.75629,10.229,0.004,V
2456014.76119,10.196,0.005,V
2456014.76608,10.184,0.004,V
2456014.77094,10.177,0.005,V
2456015.042882,10.187,0.006,V
2456015.13487,10.16,0.02,V
2456015.58517,10.401,0.005,V
2456015.58843,10.435,0.005,V
2456015.59196,10.419,0.005,V
2456015.59549,10.409,0.005,V
2456015.59902,10.421,0.005,V
2456015.60260,10.400,0.005,V
2456015.60617,10.409,0.005,V
2456015.60975,10.389,0.005,V
2456015.61333,10.373,0.004,V
2456015.61689,10.379,0.004,V
2456015.62046,10.380,0.004,V
2456015.62402,10.381,0.004,V
2456015.62759,10.377,0.004,V
2456015.63119,10.387,0.004,V
2456015.63476,10.380,0.005,V
2456015.63834,10.387,0.004,V
2456015.64192,10.360,0.004,V
2456015.64552,10.358,0.004,V
2456015.64910,10.351,0.004,V
2456015.65302,10.331,0.004,V
2456015.65694,10.343,0.004,V
2456015.66085,10.340,0.004,V
2456015.66435,10.335,0.004,V
2456015.66784,10.325,0.004,V
2456015.67136,10.317,0.004,V
2456015.67488,10.326,0.004,V
2456015.67839,10.326,0.004,V
2456015.68192,10.323,0.004,V
2456015.68582,10.297,0.004,V
2456015.68970,10.296,0.004,V
2456015.69361,10.311,0.004,V
2456015.69717,10.302,0.004,V
2456015.70075,10.311,0.004,V
2456015.70432,10.340,0.004,V
2456015.70792,10.308,0.004,V
2456015.71152,10.296,0.004,V
2456015.71512,10.337,0.004,V
2456015.71909,10.309,0.004,V
2456015.72307,10.312,0.004,V
2456015.72705,10.319,0.004,V
2456015.73086,10.341,0.004,V
2456015.73460,10.318,0.004,V
2456015.73833,10.323,0.004,V
2456015.74163,10.338,0.004,V
2456015.74495,10.332,0.004,V
2456015.74823,10.329,0.004,V
2456015.75367,10.344,0.004,V
2456015.75852,10.342,0.004,V
2456015.76340,10.326,0.004,V
2456015.76827,10.331,0.004,V
2456016.05206,10.342,0.004,V
2456016.73442,10.321,0.004,V
2456016.73807,10.310,0.004,V
2456016.74130,10.326,0.004,V
2456016.74455,10.321,0.004,V
2456016.75064,10.331,0.004,V
2456016.75545,10.331,0.004,V
2456016.76023,10.345,0.004,V
2456016.76502,10.348,0.004,V
2456016.76982,10.354,0.004,V
2456016.96837,10.363,0.010,V
2456017.58039,10.594,0.005,V
2456017.58364,10.573,0.005,V
2456017.58719,10.583,0.005,V
2456017.59075,10.587,0.005,V
2456017.59430,10.574,0.005,V
2456017.59789,10.555,0.005,V
2456017.60149,10.554,0.008,V
2456017.60508,10.555,0.006,V
2456017.60866,10.548,0.007,V
2456017.61224,10.551,0.006,V
2456017.61583,10.559,0.006,V
2456017.61943,10.554,0.005,V
2456017.62300,10.558,0.005,V
2456017.62660,10.534,0.006,V
2456017.63019,10.542,0.005,V
2456017.63379,10.513,0.004,V
2456017.63740,10.541,0.004,V
2456017.64100,10.529,0.004,V
2456017.64461,10.546,0.005,V
2456017.64855,10.556,0.004,V
2456017.65248,10.570,0.004,V
2456017.65597,10.583,0.004,V
2456017.65945,10.590,0.005,V
2456017.66297,10.580,0.005,V
2456017.66649,10.595,0.005,V
2456017.67002,10.608,0.005,V
2456017.67356,10.582,0.004,V
2456017.67709,10.595,0.004,V
2456017.68100,10.604,0.004,V
2456017.68491,10.625,0.004,V
2456017.68883,10.627,0.005,V
2456017.69239,10.618,0.004,V
2456017.69599,10.651,0.005,V
2456017.69958,10.654,0.004,V
2456017.70318,10.652,0.004,V
2456017.70677,10.662,0.004,V
2456017.71038,10.658,0.004,V
2456017.71436,10.656,0.004,V
2456017.71836,10.647,0.004,V
2456017.72234,10.674,0.004,V
2456017.72615,10.689,0.004,V
2456017.72989,10.682,0.004,V
2456017.73361,10.681,0.004,V
2456017.73692,10.675,0.004,V
2456017.74023,10.665,0.004,V
2456017.74355,10.679,0.004,V
2456017.74802,10.661,0.004,V
2456017.75290,10.659,0.004,V
2456017.75780,10.660,0.004,V
2456017.76269,10.662,0.004,V
2456018.57756,10.750,0.005,V
2456018.58083,10.750,0.006,V
2456018.58437,10.767,0.005,V
2456018.58792,10.756,0.005,V
2456018.59148,10.793,0.005,V
2456018.59508,10.802,0.005,V
2456018.59866,10.816,0.005,V
2456018.60226,10.797,0.005,V
2456018.60585,10.802,0.005,V
2456018.60944,10.814,0.005,V
2456018.61303,10.811,0.005,V
2456018.61660,10.807,0.005,V
2456018.62018,10.826,0.005,V
2456018.62380,10.840,0.005,V
2456018.62739,10.847,0.005,V
2456018.63100,10.845,0.005,V
2456018.63461,10.857,0.005,V
2456018.63821,10.841,0.005,V
2456018.64182,10.868,0.005,V
2456018.64576,10.852,0.005,V
2456018.64969,10.850,0.005,V
2456018.65364,10.852,0.005,V
2456018.65715,10.869,0.005,V
2456018.66068,10.847,0.005,V
2456018.66422,10.856,0.005,V
2456018.66775,10.839,0.005,V
2456018.67129,10.855,0.005,V
2456018.67483,10.834,0.005,V
2456018.67874,10.848,0.005,V
2456018.68266,10.863,0.005,V
2456018.68658,10.862,0.005,V
2456018.69016,10.862,0.005,V
2456018.69373,10.863,0.005,V
2456018.69736,10.848,0.004,V
2456018.70094,10.844,0.005,V
2456018.70455,10.829,0.004,V
2456018.70815,10.832,0.005,V
2456018.71216,10.830,0.005,V
2456018.71613,10.826,0.005,V
2456018.72011,10.819,0.004,V
2456018.72393,10.816,0.005,V
2456018.72766,10.818,0.005,V
2456018.73137,10.807,0.005,V
2456018.73467,10.799,0.005,V
2456018.73799,10.796,0.004,V
2456018.74526,10.806,0.005,V
2456018.75014,10.812,0.004,V
2456018.75502,10.794,0.004,V
2456018.75990,10.804,0.004,V
2456019.11970,10.76,0.04,V
2456019.57479,10.787,0.006,V
2456019.57805,10.781,0.005,V
2456019.58160,10.787,0.005,V
2456019.58514,10.792,0.005,V
2456019.58869,10.778,0.006,V
2456019.59227,10.788,0.005,V
2456019.59587,10.797,0.005,V
2456019.59946,10.771,0.005,V
2456019.60305,10.783,0.005,V
2456019.60663,10.786,0.005,V
2456019.61021,10.773,0.005,V
2456019.61381,10.771,0.005,V
2456019.61739,10.764,0.005,V
2456019.62100,10.769,0.005,V
2456019.62459,10.775,0.005,V
2456019.62820,10.753,0.005,V
2456019.63180,10.769,0.005,V
2456019.63541,10.747,0.005,V
2456019.63901,10.754,0.005,V
2456019.64296,10.764,0.005,V
2456019.64688,10.762,0.005,V
2456019.65083,10.743,0.005,V
2456019.65435,10.746,0.005,V
2456019.65785,10.737,0.005,V
2456019.66139,10.723,0.005,V
2456019.66492,10.745,0.005,V
2456019.66845,10.740,0.005,V
2456019.67200,10.740,0.005,V
2456019.67591,10.732,0.005,V
2456019.67983,10.724,0.004,V
2456019.68376,10.718,0.004,V
2456019.68732,10.709,0.004,V
2456019.69093,10.706,0.004,V
2456019.69453,10.691,0.004,V
2456019.69814,10.701,0.004,V
2456019.70175,10.714,0.004,V
2456019.70538,10.706,0.004,V
2456019.70936,10.705,0.004,V
2456019.71336,10.694,0.004,V
2456019.71737,10.710,0.004,V
2456019.72120,10.717,0.004,V
2456019.72492,10.708,0.004,V
2456019.72865,10.712,0.004,V
2456019.73197,10.703,0.004,V
2456019.73531,10.692,0.004,V
2456019.74245,10.688,0.004,V
2456019.74734,10.684,0.004,V
2456019.75223,10.671,0.004,V
2456019.75714,10.666,0.004,V
2456020.007176,10.7233,0.0017,V
2456020.008148,10.7250,0.0016,V
2456020.009109,10.7381,0.0017,V
2456020.010081,10.7265,0.0017,V
2456020.011042,10.7328,0.0017,V
2456020.012002,10.7255,0.0016,V
2456020.012963,10.7256,0.0016,V
2456020.013935,10.7196,0.0016,V
2456020.014907,10.7273,0.0016,V
2456020.01588,10.7215,0.0017,V
2456020.016829,10.7210,0.0017,V
2456020.017801,10.7177,0.0020,V
2456020.01875,10.7236,0.0017,V
2456020.019722,10.7301,0.0016,V
2456020.020683,10.7226,0.0017,V
2456020.021655,10.7273,0.0016,V
2456020.022627,10.7284,0.0016,V
2456020.023588,10.7204,0.0016,V
2456020.02456,10.7279,0.0016,V
2456020.025532,10.7290,0.0016,V
2456020.026493,10.7174,0.0016,V
2456020.027465,10.7301,0.0017,V
2456020.028426,10.7260,0.0017,V
2456020.029387,10.7249,0.0016,V
2456020.030347,10.7216,0.0016,V
2456020.031319,10.7210,0.0017,V
2456020.03228,10.7192,0.0016,V
2456020.033252,10.7203,0.0016,V
2456020.034213,10.7252,0.0017,V
2456020.035174,10.7335,0.0016,V
2456020.036134,10.7252,0.0016,V
2456020.037095,10.7238,0.0017,V
2456020.038056,10.7238,0.0017,V
2456020.039028,10.7201,0.0017,V
2456020.04,10.7230,0.0016,V
2456020.040961,10.7276,0.0017,V
2456020.041933,10.7154,0.0016,V
2456020.042905,10.7246,0.0016,V
2456020.043866,10.7268,0.0017,V
2456020.044838,10.7240,0.0016,V
2456020.045799,10.7187,0.0016,V
2456020.046771,10.7265,0.0016,V
2456020.047731,10.7185,0.0016,V
2456020.048692,10.7241,0.0015,V
2456020.049653,10.7162,0.0016,V
2456020.050637,10.7171,0.0016,V
2456020.051597,10.7180,0.0016,V
2456020.052558,10.7173,0.0016,V
2456020.05353,10.7104,0.0016,V
2456020.054502,10.7125,0.0015,V
2456020.055475,10.7124,0.0016,V
2456020.056435,10.7134,0.0016,V
2456020.057396,10.7045,0.0016,V
2456020.058356,10.7131,0.0016,V
2456020.059329,10.7038,0.0016,V
2456020.060289,10.7043,0.0016,V
2456020.06125,10.7116,0.0016,V
2456020.062222,10.7067,0.0016,V
2456020.063183,10.7119,0.0016,V
2456020.064155,10.7178,0.0016,V
2456020.065127,10.7106,0.0016,V
2456020.066088,10.7166,0.0016,V
2456020.067049,10.7156,0.0017,V
2456020.068009,10.7145,0.0016,V
2456020.068981,10.7229,0.0016,V
2456020.069954,10.7185,0.0016,V
2456020.070926,10.7247,0.0016,V
2456020.071887,10.7156,0.0016,V
2456020.07287,10.7213,0.0016,V
2456020.073843,10.7218,0.0016,V
2456020.074826,10.7214,0.0016,V
2456020.075787,10.7218,0.0016,V
2456020.076759,10.7238,0.0016,V
2456020.07772,10.7278,0.0016,V
2456020.078681,10.7288,0.0016,V
2456020.079653,10.7320,0.0017,V
2456020.080613,10.7320,0.0016,V
2456020.081586,10.7294,0.0016,V
2456020.082546,10.7347,0.0016,V
2456020.083519,10.7387,0.0016,V
2456020.084491,10.7406,0.0016,V
2456020.085475,10.7423,0.0017,V
2456020.086435,10.7450,0.0016,V
2456020.087396,10.7457,0.0017,V
2456020.088356,10.7500,0.0017,V
2456020.089317,10.7497,0.0017,V
2456020.090278,10.7517,0.0017,V
2456020.09125,10.7511,0.0016,V
2456020.092211,10.7503,0.0016,V
2456020.093171,10.7481,0.0017,V
2456020.094155,10.7525,0.0017,V
2456020.095116,10.7520,0.0018,V
2456020.096076,10.7547,0.0017,V
2456020.097049,10.7561,0.0037,V
2456020.098009,10.7547,0.0018,V
2456020.098981,10.7602,0.0017,V
2456020.099954,10.7557,0.0017,V
2456020.100914,10.7699,0.0018,V
2456020.101887,10.7596,0.0017,V
2456020.102859,10.7699,0.0017,V
2456020.103831,10.7713,0.0017,V
2456020.104792,10.7735,0.0017,V
2456020.105752,10.7682,0.0018,V
2456020.106736,10.7692,0.0017,V
2456020.107697,10.7621,0.0017,V
2456020.108681,10.7586,0.0017,V
2456020.109641,10.7689,0.0018,V
2456020.110602,10.7528,0.0017,V
2456020.111574,10.7614,0.0017,V
2456020.112535,10.7549,0.0018,V
2456020.113507,10.7555,0.0017,V
2456020.114468,10.7544,0.0017,V
2456020.11544,10.7517,0.0018,V
2456020.116412,10.7418,0.0018,V
2456020.117384,10.7515,0.0017,V
2456020.118333,10.7525,0.0018,V
2456020.119306,10.7495,0.0018,V
2456020.120255,10.7522,0.0017,V
2456020.121227,10.7406,0.0017,V
2456020.122199,10.7529,0.0017,V
2456020.123148,10.7433,0.0018,V
2456020.125081,10.7407,0.0020,V
2456020.57238,10.841,0.006,V
2456020.57565,10.850,0.006,V
2456020.57920,10.837,0.006,V
2456020.58275,10.829,0.005,V
2456020.58630,10.840,0.006,V
2456020.58989,10.828,0.006,V
2456020.59348,10.821,0.005,V
2456020.59708,10.825,0.005,V
2456020.60065,10.832,0.005,V
2456020.60424,10.835,0.005,V
2456020.60783,10.834,0.005,V
2456020.61142,10.821,0.006,V
2456020.61501,10.834,0.005,V
2456020.61862,10.829,0.005,V
2456020.62222,10.809,0.005,V
2456020.62583,10.815,0.005,V
2456020.62943,10.805,0.005,V
2456020.63304,10.821,0.006,V
2456020.63696,10.820,0.006,V
2456020.64092,10.831,0.006,V
2456020.64486,10.812,0.005,V
2456020.64834,10.798,0.005,V
2456020.65185,10.813,0.005,V
2456020.65536,10.806,0.005,V
2456020.65891,10.821,0.005,V
2456020.66244,10.820,0.005,V
2456020.66598,10.817,0.005,V
2456020.66952,10.811,0.005,V
2456020.67343,10.807,0.005,V
2456020.67734,10.812,0.005,V
2456020.68124,10.820,0.005,V
2456020.68483,10.815,0.005,V
2456020.68843,10.840,0.005,V
2456020.69203,10.826,0.005,V
2456020.69564,10.833,0.005,V
2456020.69925,10.820,0.005,V
2456020.70286,10.817,0.005,V
2456020.70686,10.805,0.006,V
2456020.71083,10.825,0.005,V
2456020.71481,10.827,0.005,V
2456020.71863,10.826,0.005,V
2456020.72237,10.834,0.005,V
2456020.72609,10.817,0.005,V
2456020.72942,10.814,0.005,V
2456020.73273,10.816,0.005,V
2456020.73966,10.827,0.005,V
2456020.74459,10.826,0.005,V
2456020.74950,10.802,0.005,V
2456020.75439,10.810,0.005,V
2456023.074074,10.4880,0.0005,V
2456023.074896,10.4735,0.0004,V
2456023.075718,10.4649,0.0005,V
2456023.076551,10.4873,0.0005,V
2456023.077384,10.4827,0.0005,V
2456023.078206,10.4908,0.0005,V
2456023.079028,10.4844,0.0005,V
2456023.079861,10.4949,0.0005,V
2456023.080683,10.4943,0.0008,V
2456023.086481,10.4883,0.0005,V
2456023.087303,10.4878,0.0005,V
2456023.088125,10.5050,0.0005,V
2456023.088947,10.4707,0.0004,V
2456023.08978,10.4655,0.0004,V
2456023.09059,10.4612,0.0005,V
2456023.091412,10.4573,0.0005,V
2456023.092234,10.4674,0.0005,V
2456023.093067,10.4610,0.0005,V
2456023.0939,10.4785,0.0005,V
2456023.094734,10.4790,0.0004,V
2456023.095556,10.4824,0.0004,V
2456023.096389,10.4814,0.0004,V
2456023.097211,10.4741,0.0004,V
2456023.098044,10.4684,0.0005,V
2456023.098866,10.4892,0.0005,V
2456023.099688,10.4802,0.0005,V
2456023.100521,10.4789,0.0004,V
2456023.101343,10.4849,0.0004,V
2456023.102176,10.4921,0.0004,V
2456023.102998,10.4852,0.0004,V
2456023.103819,10.4924,0.0005,V
2456023.104653,10.4885,0.0004,V
2456023.105475,10.4882,0.0005,V
2456023.106296,10.4942,0.0004,V
2456023.10713,10.4772,0.0004,V
2456023.107951,10.4747,0.0004,V
2456023.108773,10.4736,0.0004,V
2456023.109606,10.4951,0.0004,V
2456023.110428,10.4734,0.0005,V
2456023.111262,10.4832,0.0004,V
2456023.112083,10.4738,0.0004,V
2456023.112905,10.4846,0.0005,V
2456023.113738,10.4874,0.0004,V
2456023.114549,10.4877,0.0004,V
2456023.11537,10.4818,0.0005,V
2456023.116192,10.4725,0.0004,V
2456023.117014,10.4932,0.0004,V
2456023.119525,10.4881,0.0004,V
2456023.120347,10.4861,0.0004,V
2456023.121169,10.4830,0.0005,V
2456023.72694,11.160,0.006,V
2456023.73078,11.156,0.006,V
2456023.73460,11.166,0.007,V
2456023.73843,11.143,0.006,V
2456023.74226,11.158,0.006,V
2456023.74612,11.161,0.006,V
2456023.74995,11.172,0.006,V
2456024.61893,11.450,0.080,V
2456024.62152,11.346,0.017,V
2456024.62411,11.433,0.046,V
2456024.62672,11.353,0.008,V
2456024.62931,11.368,0.008,V
2456024.63192,11.363,0.008,V
2456024.63451,11.397,0.008,V
2456024.63711,11.418,0.008,V
2456024.63972,11.390,0.009,V
2456024.64234,11.406,0.008,V
2456024.64497,11.388,0.008,V
2456024.64761,11.400,0.008,V
2456024.65026,11.388,0.008,V
2456024.65291,11.393,0.008,V
2456024.65555,11.394,0.008,V
2456024.65820,11.382,0.008,V
2456024.66122,11.402,0.009,V
2456024.66423,11.375,0.008,V
2456024.66724,11.363,0.008,V
2456024.67026,11.371,0.008,V
2456024.67295,11.367,0.007,V
2456024.67565,11.346,0.008,V
2456024.67837,11.382,0.008,V
2456024.68108,11.361,0.007,V
2456024.68381,11.367,0.008,V
2456024.68655,11.367,0.007,V
2456024.68927,11.366,0.008,V
2456024.69198,11.369,0.008,V
2456024.69511,11.372,0.007,V
2456024.69822,11.415,0.008,V
2456024.70133,11.394,0.008,V
2456024.70444,11.392,0.008,V
2456024.70740,11.411,0.008,V
2456024.71025,11.398,0.007,V
2456024.71311,11.415,0.007,V
2456024.71593,11.415,0.007,V
2456024.71839,11.407,0.007,V
2456024.72083,11.397,0.007,V
2456024.72328,11.386,0.007,V
2456024.72759,11.393,0.008,V
2456024.73146,11.390,0.007,V
2456025.55817,11.548,0.010,V
2456025.56144,11.528,0.009,V
2456025.56501,11.550,0.009,V
2456025.56857,11.524,0.008,V
2456025.57215,11.555,0.009,V
2456025.57577,11.532,0.008,V
2456025.57937,11.561,0.009,V
2456025.58299,11.546,0.008,V
2456025.58659,11.530,0.009,V
2456025.59019,11.582,0.009,V
2456025.59379,11.557,0.009,V
2456025.59739,11.559,0.008,V
2456025.60099,11.569,0.008,V
2456025.60461,11.603,0.009,V
2456025.60822,11.569,0.009,V
2456025.61183,11.537,0.008,V
2456025.61545,11.545,0.008,V
2456025.61907,11.578,0.009,V
2456025.62269,11.570,0.009,V
2456025.62665,11.540,0.008,V
2456025.63061,11.561,0.009,V
2456025.63455,11.562,0.008,V
2456025.63808,11.594,0.009,V
2456025.64163,11.588,0.008,V
2456025.64517,11.581,0.009,V
2456025.64872,11.583,0.007,V
2456025.65227,11.570,0.008,V
2456025.65583,11.570,0.009,V
2456025.65977,11.570,0.007,V
2456025.66370,11.577,0.008,V
2456025.66762,11.571,0.008,V
2456025.67123,11.590,0.007,V
2456025.67483,11.581,0.007,V
2456025.67844,11.575,0.008,V
2456025.68207,11.604,0.008,V
2456025.68568,11.588,0.008,V
2456025.68929,11.591,0.008,V
2456025.69327,11.629,0.009,V
2456025.69729,11.602,0.007,V
2456025.70129,11.583,0.008,V
2456025.70511,11.628,0.007,V
2456025.70886,11.612,0.008,V
2456025.71260,11.609,0.008,V
2456025.71592,11.604,0.008,V
2456025.71925,11.589,0.008,V
2456025.72579,11.594,0.007,V
2456025.73070,11.584,0.007,V
2456027.01684,11.628,0.005,V
2456027.55205,11.588,0.008,V
2456027.55532,11.570,0.012,V
2456027.55884,11.576,0.008,V
2456027.56238,11.561,0.008,V
2456027.56591,11.550,0.009,V
2456027.56950,11.567,0.008,V
2456027.57307,11.573,0.009,V
2456027.57665,11.561,0.008,V
2456027.58023,11.548,0.008,V
2456027.58380,11.548,0.008,V
2456027.58737,11.554,0.007,V
2456027.59094,11.590,0.008,V
2456027.59451,11.585,0.008,V
2456027.59811,11.576,0.008,V
2456027.60168,11.582,0.008,V
2456027.60527,11.580,0.009,V
2456027.60886,11.581,0.009,V
2456027.61246,11.559,0.009,V
2456027.61606,11.570,0.009,V
2456027.61997,11.552,0.009,V
2456027.62391,11.567,0.010,V
2456027.62783,11.540,0.010,V
2456027.63133,11.540,0.009,V
2456027.63482,11.538,0.010,V
2456027.63833,11.559,0.011,V
2456027.64186,11.555,0.012,V
2456027.64891,11.538,0.009,V
2456027.65281,11.541,0.008,V
2456027.65671,11.529,0.009,V
2456027.66061,11.549,0.009,V
2456027.66416,11.534,0.009,V
2456027.66774,11.524,0.009,V
2456027.67131,11.526,0.009,V
2456027.67491,11.531,0.009,V
2456027.67850,11.532,0.008,V
2456027.68210,11.533,0.009,V
2456027.68607,11.510,0.009,V
2456027.69006,11.527,0.008,V
2456027.69403,11.515,0.007,V
2456027.69785,11.522,0.007,V
2456027.70156,11.532,0.008,V
2456027.70527,11.529,0.009,V
2456027.70861,11.528,0.007,V
2456027.71192,11.515,0.008,V
2456027.71524,11.538,0.007,V
2456027.72020,11.532,0.007,V
2456027.72509,11.521,0.007,V
2456028.56671,11.567,0.007,V
2456028.57025,11.574,0.007,V
2456028.57380,11.560,0.007,V
2456028.57733,11.580,0.007,V
2456028.58086,11.582,0.008,V
2456028.58440,11.564,0.007,V
2456028.58793,11.568,0.007,V
2456028.59148,11.572,0.008,V
2456028.59505,11.560,0.007,V
2456028.59859,11.555,0.007,V
2456028.60215,11.557,0.007,V
2456028.60590,11.546,0.007,V
2456028.60945,11.551,0.007,V
2456028.61300,11.559,0.007,V
2456028.61690,11.564,0.007,V
2456028.62080,11.548,0.007,V
2456028.62470,11.544,0.007,V
2456028.62814,11.538,0.008,V
2456028.63161,11.529,0.007,V
2456028.63509,11.540,0.007,V
2456028.63857,11.538,0.007,V
2456028.64205,11.523,0.007,V
2456028.64555,11.550,0.007,V
2456028.64903,11.567,0.007,V
2456028.65290,11.563,0.007,V
2456028.65678,11.566,0.007,V
2456028.66064,11.564,0.007,V
2456028.66418,11.569,0.007,V
2456028.66774,11.568,0.007,V
2456028.67129,11.552,0.007,V
2456028.67484,11.541,0.007,V
2456028.67841,11.541,0.006,V
2456028.68196,11.548,0.007,V
2456028.68591,11.539,0.007,V
2456028.68986,11.535,0.007,V
2456028.69380,11.561,0.007,V
2456028.69758,11.552,0.007,V
2456028.70126,11.550,0.007,V
2456028.70495,11.559,0.007,V
2456028.70822,11.553,0.007,V
2456028.71151,11.565,0.007,V
2456028.71741,11.572,0.007,V
2456028.72732,11.572,0.007,V
2456028.73209,11.554,0.007,V
2456028.73687,11.577,0.007,V
2456028.96678,11.44,0.04,V
2456031.063669,11.574,0.009,V
2456031.54086,11.715,0.008,V
2456031.54413,11.713,0.008,V
2456031.54766,11.724,0.008,V
2456031.55120,11.741,0.008,V
2456031.55473,11.745,0.008,V
2456031.55830,11.739,0.008,V
2456031.56188,11.734,0.008,V
2456031.56546,11.735,0.008,V
2456031.56903,11.734,0.008,V
2456031.57260,11.741,0.008,V
2456031.57617,11.725,0.008,V
2456031.57974,11.742,0.008,V
2456031.58332,11.730,0.008,V
2456031.58692,11.735,0.007,V
2456031.59050,11.748,0.008,V
2456031.59409,11.748,0.008,V
2456031.59768,11.761,0.008,V
2456031.60129,11.765,0.007,V
2456031.60489,11.762,0.008,V
2456031.60881,11.757,0.007,V
2456031.61274,11.761,0.008,V
2456031.61667,11.771,0.007,V
2456031.62016,11.775,0.007,V
2456031.62366,11.769,0.008,V
2456031.62717,11.774,0.008,V
2456031.63070,11.779,0.008,V
2456031.63422,11.762,0.007,V
2456031.63775,11.773,0.007,V
2456031.64165,11.764,0.007,V
2456031.64556,11.777,0.008,V
2456031.64946,11.789,0.008,V
2456031.65302,11.760,0.007,V
2456031.65660,11.786,0.007,V
2456031.66019,11.769,0.008,V
2456031.66379,11.783,0.007,V
2456031.66739,11.776,0.008,V
2456031.67099,11.781,0.008,V
2456031.67497,11.781,0.008,V
2456031.67894,11.797,0.007,V
2456031.68292,11.784,0.008,V
2456031.68675,11.777,0.008,V
2456031.69046,11.787,0.007,V
2456031.69418,11.781,0.008,V
2456031.69749,11.783,0.008,V
2456031.70080,11.786,0.007,V
2456031.70410,11.749,0.007,V
2456031.70913,11.762,0.007,V
2456032.099722,11.76,0.01,V
2456032.53817,11.801,0.008,V
2456032.54141,11.811,0.008,V
2456032.54492,11.826,0.008,V
2456032.54845,11.823,0.008,V
2456032.55198,11.807,0.008,V
2456032.55555,11.833,0.008,V
2456032.55913,11.801,0.008,V
2456032.56269,11.831,0.008,V
2456032.56627,11.816,0.008,V
2456032.56982,11.803,0.008,V
2456032.57339,11.830,0.008,V
2456032.57695,11.814,0.008,V
2456032.58050,11.843,0.008,V
2456032.58409,11.837,0.008,V
2456032.58766,11.814,0.008,V
2456032.59124,11.816,0.008,V
2456032.59482,11.816,0.008,V
2456032.59841,11.832,0.008,V
2456032.60201,11.834,0.008,V
2456032.60592,11.819,0.008,V
2456032.60986,11.814,0.008,V
2456032.61378,11.841,0.007,V
2456032.61725,11.823,0.007,V
2456032.62075,11.838,0.008,V
2456032.62424,11.838,0.008,V
2456032.62776,11.836,0.008,V
2456032.63127,11.842,0.008,V
2456032.63477,11.850,0.007,V
2456032.63829,11.822,0.008,V
2456032.64219,11.827,0.008,V
2456032.64607,11.829,0.008,V
2456032.64995,11.813,0.008,V
2456032.65350,11.821,0.008,V
2456032.65707,11.803,0.007,V
2456032.66064,11.829,0.008,V
2456032.66423,11.854,0.008,V
2456032.66782,11.842,0.008,V
2456032.67141,11.863,0.008,V
2456032.67538,11.851,0.007,V
2456032.67935,11.830,0.008,V
2456032.68329,11.817,0.008,V
2456032.68710,11.843,0.007,V
2456032.69082,11.824,0.008,V
2456032.69452,11.852,0.007,V
2456032.69782,11.835,0.008,V
2456032.70111,11.854,0.008,V
2456032.70637,11.867,0.008,V
2456032.71123,11.874,0.008,V
2456032.71611,11.892,0.008,V
2456032.72095,11.897,0.008,V
2456032.72583,11.881,0.008,V
2456033.53538,11.763,0.008,V
2456033.53862,11.786,0.008,V
2456033.54216,11.751,0.008,V
2456033.54569,11.774,0.008,V
2456033.54923,11.763,0.008,V
2456033.55280,11.772,0.008,V
2456033.55637,11.755,0.008,V
2456033.55994,11.758,0.008,V
2456033.56350,11.785,0.008,V
2456033.56707,11.794,0.008,V
2456033.57063,11.802,0.008,V
2456033.57420,11.784,0.007,V
2456033.57775,11.789,0.008,V
2456033.58133,11.788,0.008,V
2456033.58490,11.792,0.007,V
2456033.58849,11.782,0.008,V
2456033.59207,11.802,0.008,V
2456033.59564,11.789,0.008,V
2456033.59923,11.802,0.008,V
2456033.60314,11.779,0.008,V
2456033.60705,11.764,0.007,V
2456033.61098,11.772,0.007,V
2456033.61445,11.764,0.008,V
2456033.61795,11.784,0.007,V
2456033.62144,11.766,0.007,V
2456033.62496,11.781,0.007,V
2456033.62848,11.771,0.008,V
2456033.63198,11.773,0.008,V
2456033.63550,11.804,0.007,V
2456033.63939,11.772,0.008,V
2456033.64327,11.789,0.007,V
2456033.64715,11.789,0.007,V
2456033.65071,11.796,0.008,V
2456033.65429,11.790,0.008,V
2456033.65786,11.790,0.008,V
2456033.66145,11.781,0.007,V
2456033.66504,11.780,0.008,V
2456033.66863,11.784,0.007,V
2456033.67261,11.791,0.007,V
2456033.71446,11.803,0.007,V
2456033.71898,11.806,0.008,V
2456034.53195,11.965,0.009,V
2456034.53461,11.963,0.009,V
2456034.53727,11.958,0.009,V
2456034.54021,11.976,0.009,V
2456034.54315,11.963,0.009,V
2456034.54611,11.954,0.009,V
2456034.54910,11.966,0.009,V
2456034.55208,11.933,0.009,V
2456034.55508,11.971,0.009,V
2456034.55806,11.958,0.008,V
2456034.56104,11.943,0.009,V
2456034.56402,11.943,0.008,V
2456034.56701,11.973,0.008,V
2456034.56999,11.958,0.009,V
2456034.57296,11.961,0.008,V
2456034.57595,11.976,0.009,V
2456034.57894,11.979,0.009,V
2456034.58193,11.976,0.009,V
2456034.58494,11.956,0.009,V
2456034.58793,11.969,0.008,V
2456034.59093,11.964,0.008,V
2456034.59393,11.968,0.009,V
2456034.59693,11.987,0.008,V
2456034.60026,11.946,0.008,V
2456034.60359,11.948,0.008,V
2456034.60693,11.953,0.008,V
2456034.60981,11.957,0.008,V
2456034.61273,11.946,0.008,V
2456034.61564,11.942,0.008,V
2456034.61857,11.945,0.008,V
2456034.62150,11.975,0.009,V
2456034.62443,11.962,0.009,V
2456034.62736,11.954,0.008,V
2456034.63028,11.960,0.008,V
2456034.63358,11.934,0.008,V
2456034.63688,11.935,0.008,V
2456034.64018,11.949,0.008,V
2456034.64347,11.946,0.008,V
2456034.64643,11.984,0.009,V
2456034.64937,11.979,0.009,V
2456034.65233,11.975,0.009,V
2456034.65530,11.965,0.008,V
2456034.65828,11.960,0.008,V
2456034.66127,11.968,0.008,V
2456034.66427,11.968,0.009,V
2456034.66726,11.951,0.008,V
2456034.67026,11.942,0.008,V
2456034.67327,11.955,0.008,V
2456034.67626,11.970,0.008,V
2456034.67946,11.934,0.008,V
2456034.68256,11.954,0.008,V
2456034.68568,11.946,0.008,V
2456034.68879,11.951,0.009,V
2456034.69148,11.969,0.008,V
2456034.69416,11.941,0.008,V
2456034.69687,11.956,0.008,V
2456034.70080,11.971,0.008,V
2456034.70506,11.967,0.008,V
2456034.70932,11.931,0.008,V
2456034.71358,11.947,0.008,V
2456034.71785,11.930,0.008,V
2456035.52918,12.045,0.010,V
2456035.53183,12.043,0.010,V
2456035.53448,12.035,0.010,V
2456035.53744,12.073,0.010,V
2456035.54038,12.073,0.010,V
2456035.54333,12.051,0.010,V
2456035.54631,12.057,0.011,V
2456035.54930,12.041,0.010,V
2456035.55229,12.057,0.010,V
2456035.55527,12.053,0.010,V
2456035.55825,12.087,0.009,V
2456035.56122,12.053,0.009,V
2456035.56420,12.079,0.010,V
2456035.56718,12.059,0.009,V
2456035.57014,12.068,0.009,V
2456035.57312,12.062,0.010,V
2456035.57611,12.064,0.009,V
2456035.57909,12.055,0.009,V
2456035.58208,12.077,0.009,V
2456035.58508,12.079,0.010,V
2456035.58805,12.072,0.009,V
2456035.59104,12.056,0.010,V
2456035.59403,12.070,0.010,V
2456035.59736,12.076,0.009,V
2456035.60068,12.053,0.009,V
2456035.60402,12.056,0.009,V
2456035.60689,12.065,0.009,V
2456035.60979,12.073,0.009,V
2456035.61269,12.054,0.009,V
2456035.61561,11.974,0.008,V
2456035.61852,12.066,0.009,V
2456035.62145,12.055,0.009,V
2456035.62438,12.067,0.009,V
2456035.62730,12.069,0.009,V
2456035.63060,12.052,0.009,V
2456035.63388,12.063,0.009,V
2456035.63718,12.045,0.009,V
2456035.64045,12.054,0.009,V
2456035.64340,12.071,0.009,V
2456035.64635,12.033,0.009,V
2456035.64930,12.072,0.009,V
2456035.65224,12.050,0.009,V
2456035.65521,12.048,0.009,V
2456035.65820,12.077,0.009,V
2456035.66119,12.071,0.009,V
2456035.66417,12.047,0.009,V
2456035.66715,12.040,0.009,V
2456035.67013,12.047,0.009,V
2456035.67312,12.068,0.009,V
2456035.67630,12.070,0.009,V
2456035.67940,12.066,0.009,V
2456035.68251,12.066,0.009,V
2456035.68558,12.100,0.009,V
2456035.68829,12.093,0.009,V
2456035.69099,12.096,0.009,V
2456035.69370,12.078,0.009,V
2456035.69806,12.111,0.009,V
2456035.70232,12.083,0.009,V
2456035.70659,12.102,0.009,V
2456035.71085,12.085,0.009,V
2456035.71512,12.091,0.009,V
2456036.04194,12.031,0.026,V
2456036.53894,11.900,0.022,V
2456036.54288,12.000,0.010,V
2456036.55083,12.103,0.037,V
2456036.55479,11.978,0.009,V
2456036.55876,12.006,0.009,V
2456036.56670,12.015,0.011,V
2456036.57064,11.983,0.009,V
2456036.57464,11.992,0.009,V
2456036.57859,11.989,0.009,V
2456036.58258,11.990,0.008,V
2456036.58656,11.995,0.008,V
2456036.59054,11.996,0.009,V
2456036.59484,11.989,0.009,V
2456036.59916,11.980,0.009,V
2456036.60347,11.981,0.009,V
2456036.60733,12.001,0.009,V
2456036.61123,12.004,0.009,V
2456036.61513,12.008,0.009,V
2456036.61903,11.997,0.008,V
2456036.62295,11.994,0.008,V
2456036.62686,12.005,0.008,V
2456036.63109,11.968,0.009,V
2456036.63533,12.001,0.009,V
2456036.63922,12.000,0.009,V
2456036.64311,12.001,0.009,V
2456036.64701,12.001,0.009,V
2456036.65091,12.012,0.009,V
2456036.65481,12.023,0.009,V
2456036.65871,12.009,0.009,V
2456036.66261,12.009,0.009,V
2456036.66651,12.013,0.009,V
2456036.67040,12.015,0.009,V
2456036.67446,12.017,0.009,V
2456036.67842,12.010,0.009,V
2456036.68237,12.021,0.009,V
2456036.68638,12.017,0.009,V
2456036.69038,11.995,0.008,V
2456036.69538,12.001,0.009,V
2456036.69964,12.013,0.009,V
2456036.70391,12.011,0.009,V
2456036.70818,12.012,0.009,V
2456036.71244,12.023,0.009,V
2456037.52457,11.996,0.009,V
2456037.52819,11.995,0.009,V
2456037.53209,12.020,0.009,V
2456037.53600,12.042,0.009,V
2456037.53990,12.011,0.009,V
2456037.54385,12.017,0.010,V
2456037.54780,12.010,0.009,V
2456037.55175,12.012,0.009,V
2456037.55569,11.990,0.009,V
2456037.55962,11.998,0.009,V
2456037.56357,11.989,0.009,V
2456037.56752,11.988,0.009,V
2456037.57149,11.983,0.008,V
2456037.57543,12.008,0.008,V
2456037.57939,12.003,0.009,V
2456037.58335,11.990,0.009,V
2456037.58732,12.010,0.009,V
2456037.59161,11.974,0.008,V
2456037.59591,11.990,0.009,V
2456037.60019,11.979,0.009,V
2456037.60405,11.993,0.009,V
2456037.60793,12.006,0.009,V
2456037.61180,11.998,0.008,V
2456037.61569,12.011,0.009,V
2456037.61958,12.001,0.009,V
2456037.62347,11.976,0.009,V
2456037.62769,11.979,0.009,V
2456037.63192,11.980,0.009,V
2456037.63614,11.995,0.008,V
2456037.64002,11.990,0.009,V
2456037.64389,11.997,0.009,V
2456037.64777,12.009,0.008,V
2456037.65166,11.985,0.009,V
2456037.65554,11.989,0.008,V
2456037.65943,12.004,0.009,V
2456037.66330,12.006,0.009,V
2456037.66720,11.997,0.009,V
2456037.67124,11.988,0.009,V
2456037.67519,12.007,0.009,V
2456037.67914,11.982,0.008,V
2456037.68313,11.979,0.009,V
2456037.68712,11.999,0.009,V
2456037.69251,11.988,0.010,V
2456037.69674,11.990,0.011,V
2456037.70099,11.980,0.010,V
2456037.70523,11.980,0.009,V
2456037.70948,12.010,0.010,V
2456038.52258,11.959,0.009,V
2456038.52621,11.974,0.009,V
2456038.53013,11.954,0.009,V
2456038.53406,11.965,0.009,V
2456038.53797,11.957,0.009,V
2456038.54194,11.930,0.008,V
2456038.54591,11.936,0.009,V
2456038.54987,11.939,0.008,V
2456038.55381,11.935,0.009,V
2456038.55776,11.939,0.009,V
2456038.56172,11.918,0.008,V
2456038.56568,11.924,0.008,V
2456038.56965,11.913,0.008,V
2456038.57362,11.915,0.008,V
2456038.57760,11.917,0.008,V
2456038.58157,11.909,0.008,V
2456038.58553,11.903,0.008,V
2456038.58984,11.930,0.008,V
2456038.59416,11.908,0.008,V
2456038.59845,11.898,0.008,V
2456038.60233,11.917,0.008,V
2456038.60622,11.903,0.008,V
2456038.61013,11.902,0.008,V
2456038.61402,11.910,0.008,V
2456038.61792,11.904,0.008,V
2456038.62182,11.920,0.008,V
2456038.62605,11.924,0.008,V
2456038.63027,11.922,0.008,V
2456038.63416,11.929,0.008,V
2456038.63806,11.912,0.008,V
2456038.64194,11.927,0.008,V
2456038.64583,11.914,0.008,V
2456038.64973,11.924,0.008,V
2456038.65363,11.910,0.008,V
2456038.65751,11.901,0.008,V
2456038.66142,11.904,0.008,V
2456038.66532,11.902,0.008,V
2456038.66936,11.887,0.008,V
2456038.67332,11.912,0.008,V
2456038.67727,11.914,0.008,V
2456038.68126,11.929,0.008,V
2456038.68526,11.934,0.008,V
2456038.68977,11.906,0.008,V
2456038.69403,11.919,0.008,V
2456038.69830,11.921,0.008,V
2456038.70256,11.938,0.008,V
2456038.70682,11.915,0.008,V
2456039.51975,12.025,0.010,V
2456039.52339,12.030,0.009,V
2456039.52731,12.014,0.009,V
2456039.53122,12.027,0.009,V
2456039.53514,12.018,0.009,V
2456039.53911,12.016,0.009,V
2456039.54308,12.006,0.009,V
2456039.54704,12.022,0.009,V
2456039.55100,12.012,0.009,V
2456039.55496,11.992,0.009,V
2456039.55892,11.984,0.009,V
2456039.56286,12.016,0.009,V
2456039.56686,12.008,0.009,V
2456039.57082,12.038,0.009,V
2456039.57479,12.003,0.009,V
2456039.57877,12.009,0.009,V
2456039.58275,12.017,0.008,V
2456039.58705,12.027,0.009,V
2456039.59136,12.035,0.009,V
2456039.59567,12.044,0.009,V
2456039.59953,12.030,0.009,V
2456039.60342,12.065,0.009,V
2456039.60732,12.040,0.009,V
2456039.61123,12.016,0.008,V
2456039.61512,12.043,0.009,V
2456039.61903,12.012,0.009,V
2456039.62326,12.023,0.009,V
2456039.62747,11.985,0.009,V
2456039.63136,12.015,0.009,V
2456039.63524,12.005,0.009,V
2456039.63914,12.040,0.009,V
2456039.64303,12.036,0.009,V
2456039.64692,12.029,0.009,V
2456039.65082,12.042,0.009,V
2456039.65470,12.026,0.009,V
2456039.65859,12.026,0.009,V
2456039.66251,12.025,0.009,V
2456039.66656,12.044,0.009,V
2456039.67052,12.057,0.009,V
2456039.67447,12.059,0.009,V
2456039.67848,12.034,0.009,V
2456039.68248,12.049,0.009,V
2456039.68697,12.061,0.009,V
2456039.69124,12.056,0.008,V
2456039.69549,12.042,0.009,V
2456039.69976,12.056,0.009,V
2456039.70403,12.036,0.009,V
2456040.51695,12.102,0.010,V
2456040.52057,12.107,0.010,V
2456040.52445,12.094,0.010,V
2456040.52834,12.104,0.009,V
2456040.53225,12.100,0.010,V
2456040.53617,12.131,0.010,V
2456040.54010,12.127,0.009,V
2456040.54402,12.102,0.010,V
2456040.54795,12.123,0.009,V
2456040.55188,12.111,0.010,V
2456040.55580,12.119,0.010,V
2456040.55972,12.112,0.009,V
2456040.56367,12.134,0.010,V
2456040.56761,12.117,0.009,V
2456040.57155,12.125,0.009,V
2456040.57552,12.124,0.009,V
2456040.57945,12.127,0.009,V
2456040.58376,12.089,0.009,V
2456040.58806,12.121,0.009,V
2456040.59236,12.119,0.009,V
2456040.59621,12.132,0.010,V
2456040.60009,12.127,0.009,V
2456040.60398,12.108,0.009,V
2456040.60786,12.110,0.009,V
2456040.61178,12.119,0.009,V
2456040.61569,12.127,0.010,V
2456040.61994,12.105,0.009,V
2456040.62415,12.138,0.009,V
2456040.62836,12.104,0.009,V
2456040.63225,12.110,0.009,V
2456040.63614,12.112,0.009,V
2456040.64003,12.131,0.009,V
2456040.64392,12.105,0.009,V
2456040.64782,12.124,0.009,V
2456040.65172,12.114,0.009,V
2456040.65562,12.111,0.009,V
2456040.65953,12.122,0.009,V
2456040.66358,12.127,0.010,V
2456040.66754,12.103,0.009,V
2456040.67151,12.090,0.009,V
2456040.67552,12.092,0.009,V
2456040.67951,12.099,0.009,V
2456040.68416,12.077,0.009,V
2456040.68841,12.093,0.009,V
2456040.69267,12.095,0.010,V
2456040.69696,12.108,0.009,V
2456040.70121,12.103,0.009,V
2456041.073704,12.05,0.024,V
2456041.52572,12.178,0.019,V
2456041.52965,12.212,0.043,V
2456041.53362,12.171,0.017,V
2456041.53759,12.245,0.040,V
2456041.54156,12.165,0.012,V
2456041.54552,12.162,0.013,V
2456041.54947,12.187,0.017,V
2456041.55342,12.234,0.027,V
2456041.55739,12.247,0.060,V
2456041.56138,12.147,0.042,V
2456041.56534,12.178,0.014,V
2456041.56932,12.179,0.010,V
2456041.57330,12.205,0.013,V
2456041.57729,12.230,0.010,V
2456041.58158,12.181,0.012,V
2456041.58587,12.197,0.010,V
2456041.59406,12.190,0.016,V
2456041.60185,12.164,0.015,V
2456041.60573,12.196,0.015,V
2456041.60966,12.174,0.013,V
2456041.61357,12.171,0.009,V
2456041.61781,12.191,0.010,V
2456041.62204,12.190,0.010,V
2456041.62593,12.199,0.010,V
2456041.62982,12.180,0.010,V
2456041.63371,12.169,0.009,V
2456041.63760,12.169,0.009,V
2456041.64150,12.204,0.010,V
2456041.64540,12.189,0.010,V
2456041.64929,12.199,0.010,V
2456041.65319,12.188,0.010,V
2456041.65711,12.198,0.010,V
2456041.66116,12.161,0.009,V
2456041.66511,12.184,0.009,V
2456041.66907,12.171,0.009,V
2456041.67307,12.186,0.009,V
2456041.67709,12.158,0.014,V
2456042.51137,12.269,0.011,V
2456042.51501,12.260,0.011,V
2456042.51893,12.260,0.011,V
2456042.52285,12.238,0.010,V
2456042.52678,12.230,0.011,V
2456042.53073,12.239,0.011,V
2456042.53469,12.244,0.011,V
2456042.53865,12.239,0.011,V
2456042.54260,12.232,0.010,V
2456042.54655,12.244,0.011,V
2456042.55049,12.235,0.010,V
2456042.55444,12.232,0.010,V
2456042.55843,12.234,0.010,V
2456042.56239,12.216,0.010,V
2456042.56635,12.215,0.010,V
2456042.57031,12.207,0.010,V
2456042.57429,12.201,0.010,V
2456042.57859,12.181,0.010,V
2456042.58290,12.206,0.010,V
2456042.58720,12.166,0.010,V
2456042.59106,12.168,0.010,V
2456042.59495,12.165,0.009,V
2456042.59885,12.158,0.009,V
2456042.60275,12.158,0.009,V
2456042.60664,12.165,0.010,V
2456042.61055,12.122,0.009,V
2456042.61479,12.125,0.009,V
2456042.61901,12.122,0.009,V
2456042.62290,12.136,0.010,V
2456042.62679,12.146,0.010,V
2456042.63069,12.128,0.009,V
2456042.63457,12.135,0.009,V
2456042.63847,12.133,0.009,V
2456042.64237,12.126,0.009,V
2456042.64624,12.131,0.010,V
2456042.65014,12.135,0.009,V
2456042.65405,12.139,0.010,V
2456042.65810,12.127,0.009,V
2456042.66205,12.119,0.009,V
2456042.66599,12.133,0.010,V
2456042.66998,12.131,0.009,V
2456042.67399,12.157,0.022,V
2456042.67865,12.100,0.010,V
2456042.68291,12.124,0.009,V
2456042.68716,12.129,0.010,V
2456042.69141,12.129,0.009,V
2456042.69568,12.138,0.009,V
2456043.65960,12.198,0.010,V
2456043.66350,12.235,0.010,V
2456043.66744,12.220,0.010,V
2456043.67136,12.234,0.010,V
2456043.67582,12.212,0.010,V
2456043.67999,12.225,0.011,V
2456044.50484,12.319,0.011,V
2456044.50749,12.285,0.011,V
2456044.51041,12.320,0.012,V
2456044.51335,12.349,0.011,V
2456044.51629,12.316,0.011,V
2456044.51921,12.303,0.012,V
2456044.52218,12.318,0.012,V
2456044.52516,12.323,0.011,V
2456044.52813,12.304,0.011,V
2456044.53112,12.320,0.011,V
2456044.53408,12.327,0.011,V
2456044.53704,12.338,0.012,V
2456044.54002,12.331,0.011,V
2456044.54298,12.337,0.012,V
2456044.54594,12.318,0.011,V
2456044.54891,12.326,0.011,V
2456044.55189,12.332,0.011,V
2456044.55487,12.307,0.011,V
2456044.55784,12.333,0.011,V
2456044.56082,12.322,0.011,V
2456044.56380,12.352,0.012,V
2456044.56679,12.337,0.012,V
2456044.56976,12.337,0.011,V
2456044.57307,12.288,0.011,V
2456044.57639,12.316,0.010,V
2456044.57969,12.304,0.011,V
2456044.58256,12.321,0.010,V
2456044.58545,12.317,0.011,V
2456044.58834,12.304,0.011,V
2456044.59124,12.329,0.011,V
2456044.59416,12.326,0.011,V
2456044.59707,12.311,0.011,V
2456044.59997,12.318,0.011,V
2456044.60289,12.293,0.011,V
2456044.60617,12.332,0.011,V
2456044.60946,12.305,0.011,V
2456044.61274,12.332,0.011,V
2456044.61601,12.320,0.010,V
2456044.61895,12.315,0.011,V
2456044.62189,12.341,0.012,V
2456046.49939,12.418,0.013,V
2456046.50216,12.384,0.013,V
2456046.50521,12.394,0.012,V
2456046.50825,12.411,0.014,V
2456046.51128,12.396,0.013,V
2456046.51433,12.423,0.013,V
2456046.51742,12.381,0.012,V
2456046.52052,12.387,0.012,V
2456046.52359,12.405,0.012,V
2456046.52667,12.423,0.012,V
2456046.52975,12.434,0.012,V
2456046.53283,12.430,0.012,V
2456046.53590,12.400,0.012,V
2456046.53896,12.433,0.012,V
2456046.54204,12.444,0.013,V
2456046.54512,12.425,0.012,V
2456046.54820,12.378,0.011,V
2456046.55128,12.375,0.013,V
2456046.55438,12.419,0.012,V
2456046.55748,12.430,0.012,V
2456046.56057,12.434,0.012,V
2456046.56365,12.438,0.012,V
2456046.56709,12.405,0.012,V
2456046.57052,12.420,0.011,V
2456046.57394,12.461,0.012,V
2456046.57693,12.428,0.012,V
2456046.57995,12.462,0.011,V
2456046.58296,12.473,0.013,V
2456046.58595,12.450,0.013,V
2456046.58896,12.450,0.013,V
2456046.59198,12.401,0.012,V
2456046.59501,12.436,0.012,V
2456046.59803,12.420,0.013,V
2456046.60142,12.451,0.013,V
2456046.60481,12.419,0.012,V
2456046.60819,12.438,0.013,V
2456046.61702,12.424,0.012,V
2456046.62008,12.445,0.013,V
2456046.62313,12.425,0.011,V
2456046.62621,12.446,0.012,V
2456046.62929,12.424,0.012,V
2456046.63238,12.454,0.012,V
2456046.63547,12.442,0.013,V
2456046.63857,12.424,0.012,V
2456046.64166,12.429,0.012,V
2456046.64475,12.442,0.012,V
2456046.64804,12.432,0.012,V
2456046.65124,12.416,0.012,V
2456046.65445,12.416,0.011,V
2456046.65725,12.431,0.012,V
2456046.66004,12.420,0.013,V
2456046.66285,12.430,0.012,V
2456046.66671,12.439,0.012,V
2456046.67003,12.459,0.013,V
2456046.67335,12.444,0.012,V
2456046.67667,12.430,0.012,V
2456046.67999,12.441,0.012,V
2456046.68333,12.438,0.012,V
2456046.68665,12.439,0.012,V
2456047.46990,12.566,0.015,V
2456047.47402,12.582,0.014,V
2456047.47832,12.611,0.015,V
2456047.48244,12.596,0.015,V
2456047.48657,12.562,0.014,V
2456047.49070,12.612,0.014,V
2456047.49483,12.552,0.014,V
2456047.49895,12.581,0.014,V
2456047.50330,12.569,0.015,V
2456047.50766,12.586,0.015,V
2456047.51201,12.580,0.014,V
2456047.51641,12.615,0.015,V
2456047.52084,12.630,0.015,V
2456047.52528,12.611,0.015,V
2456047.52972,12.593,0.018,V
2456047.53417,12.578,0.015,V
2456047.53892,12.571,0.014,V
2456047.54366,12.586,0.013,V
2456047.54806,12.601,0.013,V
2456047.55247,12.603,0.014,V
2456047.55686,12.594,0.014,V
2456047.56126,12.582,0.013,V
2456047.56597,12.544,0.013,V
2456047.57068,12.594,0.015,V
2456047.57505,12.590,0.014,V
2456047.57945,12.592,0.015,V
2456047.58386,12.597,0.014,V
2456047.58827,12.564,0.014,V
2456047.59268,12.569,0.014,V
2456047.59747,12.592,0.014,V
2456047.60229,12.637,0.015,V
2456047.60708,12.617,0.014,V
2456047.61153,12.600,0.014,V
2456047.61598,12.561,0.013,V
2456047.62043,12.572,0.014,V
2456047.62491,12.539,0.013,V
2456047.62940,12.597,0.014,V
2456047.63389,12.567,0.014,V
2456047.63840,12.598,0.014,V
2456047.64310,12.587,0.014,V
2456047.64792,12.565,0.014,V
2456047.65276,12.545,0.014,V
2456047.65720,12.557,0.013,V
2456047.66391,12.580,0.013,V
2456047.66723,12.560,0.013,V
2456047.67056,12.568,0.013,V
2456047.67388,12.539,0.014,V
2456047.67722,12.530,0.013,V
2456047.68055,12.516,0.014,V
2456047.68388,12.541,0.013,V
2456048.57098,12.907,0.019,V
2456048.57442,12.868,0.017,V
2456048.57780,12.858,0.017,V
2456048.58119,12.898,0.017,V
2456048.58459,12.915,0.018,V
2456048.58798,12.897,0.019,V
2456048.59139,12.905,0.016,V
2456048.59518,12.875,0.017,V
2456048.59894,12.873,0.017,V
2456048.60270,12.912,0.019,V
2456048.60613,12.945,0.017,V
2456048.60954,12.879,0.017,V
2456048.61298,12.850,0.017,V
2456048.61641,12.874,0.018,V
2456048.61987,12.897,0.016,V
2456048.62334,12.898,0.017,V
2456048.62679,12.899,0.018,V
2456048.63025,12.901,0.018,V
2456048.63373,12.885,0.018,V
2456048.63720,12.883,0.017,V
2456048.64087,12.921,0.017,V
2456048.64468,12.893,0.018,V
2456048.64848,12.913,0.017,V
2456048.65189,12.905,0.019,V
2456048.65530,12.915,0.018,V
2456048.66105,12.889,0.017,V
2456048.66432,12.926,0.017,V
2456048.66759,12.891,0.017,V
2456048.67086,12.878,0.017,V
2456048.67414,12.883,0.017,V
2456048.67741,12.874,0.018,V
2456048.68069,12.903,0.019,V
2456049.47366,13.224,0.027,V
2456049.47774,13.216,0.026,V
2456049.48181,13.221,0.027,V
2456049.48590,13.257,0.030,V
2456049.48999,13.269,0.030,V
2456049.49408,13.261,0.032,V
2456049.49841,13.313,0.040,V
2456049.50275,13.269,0.028,V
2456049.50708,13.275,0.027,V
2456049.51149,13.266,0.028,V
2456049.51591,13.265,0.028,V
2456049.52033,13.227,0.025,V
2456049.52475,13.255,0.027,V
2456049.52916,13.190,0.025,V
2456049.53385,13.246,0.025,V
2456049.53856,13.222,0.028,V
2456049.54292,13.332,0.032,V
2456049.54730,13.300,0.031,V
2456049.55167,13.277,0.031,V
2456049.55606,13.250,0.027,V
2456049.56077,13.271,0.028,V
2456049.56548,13.244,0.028,V
2456049.56983,13.280,0.028,V
2456049.57422,13.188,0.026,V
2456049.57862,13.265,0.027,V
2456049.58302,13.205,0.024,V
2456049.58740,13.225,0.027,V
2456049.59216,13.238,0.026,V
2456049.59692,13.268,0.026,V
2456049.60168,13.307,0.026,V
2456049.60611,13.297,0.027,V
2456049.61053,13.285,0.028,V
2456049.61496,13.334,0.030,V
2456049.61940,13.312,0.024,V
2456049.62385,13.309,0.025,V
2456049.62832,13.357,0.030,V
2456049.63280,13.322,0.025,V
2456049.63745,13.318,0.026,V
2456049.64227,13.286,0.026,V
2456049.64709,13.343,0.027,V
2456049.65151,13.331,0.028,V
2456049.65829,13.275,0.023,V
2456049.66246,13.391,0.028,V
2456049.66666,13.324,0.028,V
2456049.67085,13.360,0.028,V
2456049.67506,13.316,0.029,V
2456049.67925,13.277,0.026,V
2456050.53611,13.507,0.032,V
2456050.54047,13.520,0.030,V
2456050.54484,13.509,0.032,V
2456050.54921,13.491,0.030,V
2456050.55357,13.517,0.032,V
2456050.55828,13.548,0.032,V
2456050.56299,13.564,0.032,V
2456050.56734,13.523,0.033,V
2456050.57172,13.556,0.032,V
2456050.57611,13.504,0.028,V
2456050.58049,13.576,0.033,V
2456050.58486,13.555,0.031,V
2456050.58960,13.548,0.032,V
2456050.59436,13.504,0.031,V
2456050.59913,13.597,0.047,V
2456050.60354,13.531,0.031,V
2456050.60795,13.534,0.033,V
2456050.61236,13.482,0.029,V
2456050.61680,13.584,0.035,V
2456050.62124,13.544,0.033,V
2456050.62571,13.576,0.034,V
2456050.63017,13.584,0.036,V
2456050.63483,13.572,0.033,V
2456050.63961,13.606,0.032,V
2456050.64439,13.542,0.032,V
2456050.64879,13.565,0.032,V
2456050.65554,13.540,0.033,V
2456050.65968,13.666,0.035,V
2456050.66385,13.628,0.036,V
2456050.66802,13.544,0.034,V
2456050.67220,13.591,0.034,V
2456050.67639,13.606,0.037,V
2456052.47526,13.673,0.049,V
2456052.47822,13.751,0.050,V
2456052.48117,13.765,0.046,V
2456052.48415,13.723,0.051,V
2456052.48711,13.792,0.047,V
2456052.49008,13.768,0.051,V
2456052.49303,13.778,0.051,V
2456052.49600,13.824,0.055,V
2456052.49896,13.760,0.045,V
2456052.50193,13.720,0.040,V
2456052.50490,13.738,0.048,V
2456052.50788,13.777,0.048,V
2456052.51084,13.815,0.051,V
2456052.51381,13.784,0.049,V
2456052.51679,13.780,0.045,V
2456052.51977,13.652,0.043,V
2456052.52275,13.723,0.043,V
2456052.52597,13.630,0.036,V
2456052.52918,13.818,0.050,V
2456052.53240,13.843,0.053,V
2456052.53568,13.783,0.051,V
2456052.53898,13.894,0.069,V
2456052.54229,13.748,0.044,V
2456052.54556,13.778,0.045,V
2456052.54885,13.823,0.050,V
2456052.55247,13.669,0.041,V
2456052.55611,13.821,0.045,V
2456052.55973,13.762,0.043,V
2456052.56298,13.755,0.057,V
2456052.56624,13.771,0.043,V
2456052.56950,13.839,0.047,V
2456052.57276,13.824,0.044,V
2456052.57602,13.781,0.047,V
2456052.57929,13.770,0.043,V
2456052.58255,13.791,0.047,V
2456052.58620,13.792,0.042,V
2456052.58984,13.886,0.071,V
2456052.59349,13.790,0.045,V
2456052.59679,13.782,0.048,V
2456052.60012,13.790,0.045,V
2456052.60678,13.736,0.040,V
2456052.61010,13.729,0.043,V
2456053.46549,13.926,0.068,V
2456053.46845,13.729,0.054,V
2456053.47141,13.985,0.066,V
2456053.47437,13.973,0.070,V
2456053.47733,13.931,0.066,V
2456053.48030,13.949,0.066,V
2456053.48326,13.903,0.059,V
2456053.48623,13.880,0.054,V
2456053.48920,13.902,0.063,V
2456053.49216,13.895,0.065,V
2456053.49513,13.935,0.071,V
2456053.49810,13.853,0.060,V
2456053.50107,13.841,0.063,V
2456053.50405,13.912,0.067,V
2456053.50702,14.039,0.081,V
2456053.50999,13.906,0.065,V
2456053.51297,13.955,0.079,V
2456053.51594,13.868,0.058,V
2456053.51892,13.957,0.064,V
2456053.52214,13.849,0.062,V
2456053.52535,14.018,0.065,V
2456053.52857,13.897,0.081,V
2456053.53180,13.710,0.048,V
2456053.53510,13.890,0.060,V
2456053.53837,13.814,0.061,V
2456053.54166,13.888,0.077,V
2456053.54494,13.858,0.058,V
2456053.54855,13.930,0.059,V
2456053.55218,13.847,0.056,V
2456053.55579,13.789,0.073,V
2456053.55905,13.796,0.048,V
2456053.56233,13.805,0.057,V
2456053.56557,13.885,0.060,V
2456053.56884,13.869,0.055,V
2456053.57210,13.771,0.052,V
2456053.57536,13.796,0.078,V
2456053.57863,13.870,0.058,V
2456053.58227,13.996,0.066,V
2456053.58592,13.965,0.065,V
2456053.58957,13.831,0.057,V
2456053.59286,13.878,0.058,V
2456053.59620,13.948,0.063,V
2456053.59952,13.973,0.063,V
2456053.60285,13.770,0.055,V
2456053.60619,13.944,0.054,V
2456053.60952,13.786,0.049,V
2456053.61286,13.944,0.060,V
2456053.61658,13.870,0.056,V
2456053.62031,13.907,0.057,V
2456053.62402,13.893,0.052,V
2456053.62758,13.778,0.054,V
2456053.63100,13.880,0.059,V
2456053.63444,13.907,0.058,V
2456053.63746,13.886,0.056,V
2456053.64048,13.860,0.074,V
2456053.64350,13.964,0.059,V
2456053.64789,13.845,0.055,V
2456053.65183,13.920,0.061,V
2456053.65578,13.890,0.062,V
2456053.65973,13.984,0.068,V
2456053.66367,13.869,0.047,V
2456053.66763,13.875,0.063,V
2456054.46557,13.933,0.031,V
2456054.46869,13.941,0.032,V
2456054.47184,13.970,0.036,V
2456054.47498,13.900,0.033,V
2456054.47811,13.940,0.035,V
2456054.48126,13.866,0.029,V
2456054.48440,13.993,0.036,V
2456054.48753,13.935,0.037,V
2456054.49067,13.955,0.033,V
2456054.49381,13.901,0.033,V
2456054.49694,13.921,0.037,V
2456054.50009,13.841,0.035,V
2456054.50324,13.808,0.034,V
2456054.50638,13.875,0.034,V
2456054.50954,13.877,0.034,V
2456054.51267,13.930,0.032,V
2456054.51583,13.935,0.036,V
2456054.51921,13.938,0.034,V
2456054.52260,13.880,0.038,V
2456054.52600,13.940,0.036,V
2456054.52939,13.954,0.035,V
2456054.53286,13.940,0.041,V
2456054.53633,13.860,0.033,V
2456054.53978,13.850,0.031,V
2456054.54324,13.911,0.034,V
2456054.54704,13.940,0.031,V
2456054.55082,13.860,0.032,V
2456054.55462,13.784,0.034,V
2456054.55804,13.791,0.032,V
2456054.56147,13.804,0.036,V
2456054.56488,13.734,0.032,V
2456054.56833,13.783,0.034,V
2456054.57177,13.767,0.031,V
2456054.57521,13.889,0.032,V
2456054.57902,13.989,0.036,V
2456054.58284,13.898,0.036,V
2456054.58666,13.964,0.033,V
2456054.59013,13.970,0.032,V
2456054.59362,13.907,0.032,V
2456054.59712,13.830,0.034,V
2456054.60063,13.825,0.034,V
2456054.60413,13.911,0.034,V
2456054.60764,13.913,0.030,V
2456054.61116,13.996,0.037,V
2456054.61506,13.885,0.035,V
2456054.61895,13.893,0.033,V
2456054.62284,13.889,0.029,V
2456054.62656,13.874,0.033,V
2456054.63015,13.961,0.033,V
2456054.63376,13.933,0.033,V
2456054.63696,13.921,0.030,V
2456054.64016,13.951,0.033,V
2456054.64520,13.921,0.036,V
2456054.64932,13.901,0.033,V
2456054.65344,13.890,0.033,V
2456054.65756,13.938,0.066,V
2456054.66168,13.847,0.032,V
2456054.66581,13.877,0.031,V
2456055.46491,14.017,0.029,V
2456055.46804,14.011,0.028,V
2456055.47119,14.067,0.024,V
2456055.47435,14.045,0.026,V
2456055.47750,14.005,0.026,V
2456055.48065,14.002,0.026,V
2456055.48380,14.047,0.026,V
2456055.48696,14.018,0.028,V
2456055.49012,14.000,0.029,V
2456055.49326,13.989,0.028,V
2456055.49642,13.979,0.028,V
2456055.49958,13.972,0.030,V
2456055.50273,13.893,0.031,V
2456055.50589,13.904,0.031,V
2456055.50905,13.927,0.031,V
2456055.51221,13.878,0.031,V
2456055.51561,13.927,0.037,V
2456055.51902,13.874,0.030,V
2456055.52242,13.891,0.038,V
2456055.52582,13.947,0.037,V
2456055.52929,14.000,0.031,V
2456055.53277,14.066,0.035,V
2456055.53623,13.925,0.031,V
2456055.53969,14.000,0.034,V
2456055.54347,14.047,0.031,V
2456055.54727,14.032,0.034,V
2456055.55106,13.964,0.032,V
2456055.55449,14.051,0.034,V
2456055.55793,13.976,0.033,V
2456055.56137,13.848,0.034,V
2456055.56481,13.938,0.035,V
2456055.56826,13.872,0.032,V
2456055.57171,13.865,0.029,V
2456055.57516,13.886,0.032,V
2456055.57899,13.978,0.033,V
2456055.58282,13.954,0.030,V
2456055.58666,14.038,0.033,V
2456055.59017,14.057,0.031,V
2456055.59367,13.973,0.032,V
2456055.59719,14.094,0.034,V
2456055.60071,14.017,0.031,V
2456055.60422,14.008,0.033,V
2456055.60774,14.070,0.034,V
2456055.61164,14.004,0.034,V
2456055.61556,14.015,0.033,V
2456055.61946,14.021,0.031,V
2456055.62319,14.016,0.030,V
2456055.62681,14.055,0.032,V
2456055.63042,13.993,0.031,V
2456055.63362,14.005,0.035,V
2456055.63683,14.008,0.033,V
2456055.64303,13.950,0.034,V
2456055.64716,14.027,0.032,V
2456055.65131,14.034,0.034,V
2456055.65544,14.033,0.037,V
2456055.65957,13.968,0.031,V
2456056.46515,14.092,0.027,V
2456056.46828,14.096,0.028,V
2456056.47139,14.126,0.027,V
2456056.47451,14.038,0.024,V
2456056.47764,14.120,0.030,V
2456056.48076,14.145,0.027,V
2456056.48389,14.057,0.027,V
2456056.48701,14.100,0.027,V
2456056.49014,14.057,0.027,V
2456056.49326,14.035,0.028,V
2456056.49639,14.050,0.028,V
2456056.49953,14.091,0.029,V
2456056.50265,14.091,0.026,V
2456056.50578,14.034,0.027,V
2456056.50891,14.086,0.024,V
2456056.51204,14.138,0.028,V
2456056.51542,14.046,0.027,V
2456056.51880,14.091,0.027,V
2456056.52216,14.157,0.026,V
2456056.52563,14.092,0.027,V
2456056.52906,14.086,0.028,V
2456056.53250,14.191,0.031,V
2456056.53594,14.132,0.030,V
2456056.53970,14.132,0.032,V
2456056.54345,14.098,0.031,V
2456056.54723,14.106,0.026,V
2456056.55065,14.124,0.032,V
2456056.55407,14.088,0.030,V
2456056.55749,14.103,0.030,V
2456056.56090,14.121,0.030,V
2456056.56432,14.093,0.030,V
2456056.56774,14.040,0.029,V
2456056.57116,13.998,0.028,V
2456056.57495,14.090,0.029,V
2456056.57875,14.044,0.030,V
2456056.58255,14.062,0.029,V
2456056.58601,14.041,0.031,V
2456056.58948,14.058,0.030,V
2456056.59296,14.077,0.029,V
2456056.59645,14.114,0.029,V
2456056.59994,14.032,0.028,V
2456056.60345,14.087,0.032,V
2456056.60734,14.052,0.032,V
2456056.61123,13.977,0.028,V
2456056.61513,14.057,0.029,V
2456056.61884,14.028,0.032,V
2456056.62245,14.132,0.032,V
2456056.62605,14.087,0.030,V
2456056.62924,14.111,0.031,V
2456056.63243,14.137,0.038,V
2456056.63563,14.086,0.032,V
2456056.64032,14.055,0.031,V
2456056.64443,14.045,0.031,V
2456056.64855,14.086,0.031,V
2456056.65266,14.099,0.029,V
2456056.65678,14.046,0.033,V
2456060.56378,14.233,0.033,V
2456060.56757,14.266,0.032,V
2456060.57137,14.266,0.031,V
2456060.57481,14.203,0.029,V
2456060.57825,14.211,0.030,V
2456060.58172,14.211,0.029,V
2456060.58519,14.241,0.033,V
2456060.58866,14.262,0.033,V
2456060.59213,14.152,0.032,V
2456060.59598,14.134,0.030,V
2456060.59985,14.096,0.033,V
2456060.60372,14.185,0.034,V
2456060.60741,14.191,0.032,V
2456060.61098,14.300,0.036,V
2456060.61456,14.235,0.035,V
2456060.61813,14.308,0.031,V
2456060.62127,14.253,0.031,V
2456060.62444,14.312,0.032,V
2456060.62914,14.330,0.034,V
2456060.63322,14.188,0.031,V
2456060.63729,14.276,0.031,V
2456060.64135,14.285,0.033,V
2456060.64542,14.304,0.031,V
2456062.49266,14.281,0.034,V
2456062.49587,14.343,0.036,V
2456062.49938,14.341,0.033,V
2456062.50288,14.114,0.032,V
2456062.50639,14.295,0.032,V
2456062.50997,14.312,0.032,V
2456062.51355,14.309,0.031,V
2456062.51715,14.287,0.033,V
2456062.52073,14.353,0.037,V
2456062.52472,14.344,0.035,V
2456062.52869,14.310,0.033,V
2456062.53266,14.273,0.032,V
2456062.53617,14.327,0.034,V
2456062.53968,14.274,0.033,V
2456062.54319,14.266,0.034,V
2456062.54675,14.339,0.033,V
2456062.55030,14.330,0.032,V
2456062.55385,14.279,0.033,V
2456062.55789,14.269,0.030,V
2456062.56191,14.224,0.033,V
2456062.56594,14.186,0.032,V
2456062.56954,14.180,0.031,V
2456062.57314,14.244,0.034,V
2456062.57674,14.177,0.030,V
2456062.58037,14.212,0.033,V
2456062.58402,14.284,0.038,V
2456062.58765,14.353,0.031,V
2456062.59177,14.330,0.034,V
2456062.59589,14.332,0.032,V
2456062.60000,14.243,0.030,V
2456062.60391,14.337,0.035,V
2456062.60766,14.302,0.035,V
2456062.61141,14.319,0.033,V
2456062.61465,14.302,0.036,V
2456062.61791,14.262,0.036,V
2456062.62375,14.248,0.033,V
2456062.62799,14.326,0.036,V
2456062.63222,14.305,0.035,V
2456062.63645,14.209,0.034,V
2456062.64068,14.279,0.034,V
2456064.46623,14.276,0.035,V
2456064.46931,14.303,0.032,V
2456064.47240,14.233,0.032,V
2456064.47547,14.277,0.030,V
2456064.47855,14.244,0.029,V
2456064.48163,14.318,0.031,V
2456064.48470,14.316,0.033,V
2456064.48778,14.270,0.032,V
2456064.49116,14.216,0.032,V
2456064.49454,14.092,0.029,V
2456064.49791,14.177,0.031,V
2456064.50127,14.203,0.036,V
2456064.50472,14.205,0.033,V
2456064.50817,14.216,0.033,V
2456064.51163,14.197,0.032,V
2456064.51509,14.228,0.032,V
2456064.51895,14.206,0.031,V
2456064.52282,14.161,0.029,V
2456064.52668,14.292,0.032,V
2456064.53007,14.214,0.029,V
2456064.53347,14.228,0.030,V
2456064.53686,14.312,0.030,V
2456064.54029,14.230,0.030,V
2456064.54373,14.189,0.029,V
2456064.54716,14.209,0.029,V
2456064.55059,14.197,0.030,V
2456064.55449,14.231,0.030,V
2456064.55840,14.320,0.032,V
2456064.56229,14.309,0.033,V
2456064.56576,14.268,0.029,V
2456064.56924,14.188,0.028,V
2456064.57274,14.291,0.031,V
2456064.57625,14.283,0.032,V
2456064.57977,14.310,0.034,V
2456064.58330,14.348,0.034,V
2456064.58730,14.221,0.032,V
2456064.59132,14.294,0.031,V
2456064.59532,14.279,0.031,V
2456064.59912,14.276,0.029,V
2456064.60275,14.267,0.029,V
2456064.60640,14.270,0.030,V
2456064.60954,14.218,0.027,V
2456064.61266,14.252,0.029,V
2456064.61800,14.267,0.032,V
2456064.62207,14.230,0.033,V
2456064.62615,14.213,0.031,V
2456064.63023,14.238,0.033,V
2456064.63431,14.245,0.033,V
2456065.04160,14.144,0.033,V
2456065.04249,14.171,0.034,V
2456065.04332,14.163,0.034,V
2456065.04413,14.144,0.034,V
2456065.46852,14.350,0.034,V
2456065.47159,14.394,0.032,V
2456065.47466,14.366,0.036,V
2456065.47773,14.396,0.034,V
2456065.48081,14.302,0.032,V
2456065.48389,14.352,0.038,V
2456065.48696,14.356,0.031,V
2456065.49032,14.340,0.032,V
2456065.49370,14.206,0.033,V
2456065.49708,14.243,0.033,V
2456065.50049,14.298,0.034,V
2456065.50394,14.314,0.033,V
2456065.50738,14.348,0.035,V
2456065.51083,14.169,0.033,V
2456065.51470,14.272,0.033,V
2456065.51855,14.323,0.032,V
2456065.52241,14.316,0.032,V
2456065.52578,14.367,0.034,V
2456065.52916,14.354,0.030,V
2456065.53253,14.312,0.030,V
2456065.53595,14.390,0.032,V
2456065.53939,14.296,0.030,V
2456065.54279,14.261,0.030,V
2456065.54620,14.345,0.031,V
2456065.55010,14.299,0.031,V
2456065.55400,14.282,0.033,V
2456065.55787,14.312,0.031,V
2456065.56135,14.260,0.030,V
2456065.56481,14.341,0.034,V
2456065.56828,14.321,0.031,V
2456065.57176,14.397,0.033,V
2456065.57527,14.277,0.034,V
2456065.57875,14.274,0.032,V
2456065.58274,14.326,0.030,V
2456065.58674,14.345,0.032,V
2456065.59072,14.235,0.030,V
2456065.59448,14.255,0.034,V
2456065.59811,14.202,0.032,V
2456065.60174,14.278,0.032,V
2456065.60485,14.207,0.034,V
2456065.60797,14.273,0.035,V
2456065.61109,14.364,0.033,V
2456065.61519,14.197,0.032,V
2456065.61926,14.218,0.033,V
2456065.62333,14.276,0.035,V
2456065.62741,14.260,0.030,V
2456065.63148,14.122,0.029,V
2456067.46383,14.311,0.038,V
2456067.46691,14.329,0.032,V
2456067.46999,14.244,0.031,V
2456067.47307,14.230,0.033,V
2456067.47615,14.329,0.036,V
2456067.47922,14.213,0.034,V
2456067.48231,14.189,0.030,V
2456067.48569,14.188,0.032,V
2456067.48909,14.021,0.032,V
2456067.49247,14.119,0.033,V
2456067.49593,14.216,0.034,V
2456067.49939,14.255,0.035,V
2456067.50285,14.304,0.034,V
2456067.50631,14.261,0.031,V
2456067.51016,14.270,0.031,V
2456067.51402,14.182,0.032,V
2456067.51787,14.291,0.030,V
2456067.52132,14.207,0.030,V
2456067.52477,14.286,0.032,V
2456067.52822,14.311,0.033,V
2456067.53167,14.198,0.029,V
2456067.53512,14.271,0.033,V
2456067.53854,14.311,0.031,V
2456067.54198,14.192,0.032,V
2456067.54584,14.216,0.032,V
2456067.54971,14.195,0.029,V
2456067.55356,14.258,0.032,V
2456067.55706,14.245,0.029,V
2456067.56056,14.267,0.032,V
2456067.56407,14.214,0.027,V
2456067.56758,14.242,0.029,V
2456067.57110,14.283,0.033,V
2456067.57462,14.307,0.035,V
2456067.57860,14.235,0.034,V
2456067.58257,14.223,0.033,V
2456067.58654,14.231,0.032,V
2456067.59030,14.268,0.037,V
2456067.59390,14.289,0.039,V
2456067.59750,14.263,0.039,V
2456067.60063,14.208,0.037,V
2456067.60374,14.172,0.031,V
2456067.60964,14.247,0.032,V
2456067.61369,14.192,0.028,V
2456067.61775,14.341,0.033,V
2456067.62183,14.240,0.033,V
2456067.62590,14.277,0.031,V
2456068.068935,14.15,0.06,V
2456069.48936,14.120,0.029,V
2456069.49281,14.059,0.026,V
2456069.49626,14.098,0.028,V
2456069.49971,14.013,0.029,V
2456069.50356,14.098,0.028,V
2456069.50741,14.142,0.028,V
2456069.51126,14.172,0.028,V
2456069.51469,14.180,0.029,V
2456069.51814,14.096,0.030,V
2456069.52159,14.127,0.027,V
2456069.52503,14.088,0.027,V
2456069.52847,14.101,0.027,V
2456069.53189,14.146,0.030,V
2456069.53531,14.149,0.028,V
2456069.53917,14.147,0.027,V
2456069.54304,14.147,0.030,V
2456069.54690,14.241,0.028,V
2456069.55037,14.166,0.028,V
2456069.55387,14.201,0.029,V
2456069.55737,14.180,0.029,V
2456069.56087,14.124,0.028,V
2456069.56436,14.173,0.027,V
2456069.56787,14.174,0.029,V
2456069.57183,14.118,0.026,V
2456069.57579,14.085,0.025,V
2456069.57976,14.161,0.028,V
2456069.58350,14.168,0.026,V
2456069.58709,14.160,0.029,V
2456069.59071,14.067,0.025,V
2456069.59381,14.109,0.028,V
2456069.59692,14.121,0.027,V
2456069.60003,14.133,0.028,V
2456069.60402,14.134,0.028,V
2456069.60807,14.038,0.027,V
2456069.61213,14.157,0.029,V
2456069.61619,14.123,0.027,V
2456069.62025,14.103,0.029,V
2456069.62432,14.107,0.031,V
2456071.022477,14.047,0.023,V
2456071.023264,14.021,0.022,V
2456071.023796,14.062,0.023,V
2456071.46363,14.116,0.030,V
2456071.46670,14.107,0.032,V
2456071.46978,14.053,0.030,V
2456071.47315,14.033,0.031,V
2456071.47650,14.052,0.029,V
2456071.47986,14.118,0.028,V
2456071.48331,14.237,0.090,V
2456071.48676,14.114,0.028,V
2456071.49021,14.116,0.028,V
2456071.49366,14.126,0.029,V
2456071.49713,14.075,0.026,V
2456071.50097,14.029,0.029,V
2456071.50483,14.036,0.029,V
2456071.50868,14.072,0.027,V
2456071.51211,14.093,0.028,V
2456071.51556,14.105,0.029,V
2456071.51902,14.147,0.027,V
2456071.52245,14.204,0.028,V
2456071.52586,14.174,0.030,V
2456071.52928,14.123,0.029,V
2456071.53315,14.111,0.030,V
2456071.53701,14.116,0.027,V
2456071.54087,14.116,0.029,V
2456071.54436,14.285,0.034,V
2456071.54786,14.189,0.029,V
2456071.55135,14.132,0.028,V
2456071.55484,14.139,0.027,V
2456071.55833,14.109,0.028,V
2456071.56184,14.148,0.027,V
2456071.56535,14.216,0.029,V
2456071.56931,14.166,0.027,V
2456071.57326,14.151,0.026,V
2456071.57679,14.191,0.025,V
2456071.58054,14.171,0.029,V
2456071.58416,14.169,0.028,V
2456071.58775,14.168,0.029,V
2456071.59088,14.150,0.029,V
2456071.59400,14.126,0.027,V
2456071.59861,14.190,0.030,V
2456071.60269,14.156,0.028,V
2456071.60675,14.161,0.027,V
2456071.61082,14.170,0.027,V
2456071.61490,14.182,0.029,V
2456071.61897,14.185,0.028,V
2456073.46399,14.155,0.048,V
2456073.46791,14.125,0.033,V
2456073.47185,14.071,0.029,V
2456073.47580,14.067,0.027,V
2456073.47980,14.083,0.029,V
2456073.48383,14.085,0.032,V
2456073.48784,14.085,0.028,V
2456073.49186,14.106,0.029,V
2456073.49628,14.059,0.025,V
2456073.50071,14.167,0.047,V
2456073.50473,14.174,0.034,V
2456073.50875,14.096,0.032,V
2456073.51278,14.131,0.032,V
2456073.51679,14.100,0.030,V
2456073.52083,14.116,0.049,V
2456073.52486,14.152,0.033,V
2456073.52921,14.072,0.026,V
2456073.53352,14.092,0.030,V
2456073.53784,14.144,0.029,V
2456073.54177,14.146,0.027,V
2456073.54571,14.025,0.029,V
2456073.54963,14.095,0.034,V
2456073.55355,14.087,0.028,V
2456073.55750,14.020,0.029,V
2456073.56184,14.203,0.036,V
2456073.56616,14.025,0.027,V
2456073.57050,13.980,0.029,V
2456073.57515,14.133,0.031,V
2456073.57964,14.127,0.044,V
2456073.58365,14.066,0.045,V
2456073.58767,14.079,0.064,V
2456073.59297,14.106,0.034,V
2456073.59771,14.148,0.036,V
2456073.60244,14.146,0.027,V
2456073.60719,14.104,0.026,V
2456073.61192,14.137,0.029,V
2456079.009155,14.187,0.026,V
2456079.010393,14.176,0.032,V
2456080.008843,14.21,0.02,V
2456090.003113,14.28,0.015,V
2456092.000613,14.32,0.04,V
2456094.001262,14.39,0.02,V
2456097.981181,14.43,0.02,V
2456113.004132,14.72,0.03,V
2456116.962685,14.71,0.02,V
2456125.956424,14.77,0.03,V
2456130.894769,14.82,0.02,V
2456172.906632,15.17,0.05,V
2456174.924282,15.35,0.06,V
2456179.901192,15.19,0.04,V
2456181.908056,15.22,0.05,V
2456192.908287,15.52,0.06,V
2456316.075991,<17.0,0.2,V
2456353.10609,16.0,0.3,V
2456355.143647,16.8,0.3,V
2456356.032459,16.8,0.3,V
2456360.280334,16.7,0.2,V
2456375.243088,16.8,0.15,V
2456378.221980,17.1,0.4,V
2456383.210332,16.9,0.12,V
2456423.120275,17.3,0.7,V
2456424.05931,16.959,0.035,V
2456425.05730,16.944,0.037,V
2456428.04396,17.051,0.042,V
2456436.164278,<17.5,0.5,V
2456436.84762,17.137,0.049,V
2456452.86933,17.075,0.038,V
2456537.923056,17.6,0.4,V
2456715.253429,17.8,0.9,V
