2456013.96082,12.452,0.035,V
2456014.98033,12.145,0.008,V
2456015.86550,12.180,0.007,V
2456015.86579,12.237,0.007,V
2456015.86723,12.172,0.007,V
2456015.86897,12.174,0.007,V
2456015.87071,12.175,0.007,V
2456015.87244,12.183,0.007,V
2456015.87418,12.184,0.007,V
2456015.87591,12.176,0.007,V
2456015.87765,12.171,0.007,V
2456015.87939,12.176,0.007,V
2456015.88112,12.181,0.007,V
2456015.88286,12.168,0.007,V
2456015.88461,12.165,0.007,V
2456015.88635,12.180,0.007,V
2456015.88826,12.153,0.007,V
2456015.89035,12.169,0.007,V
2456015.89243,12.180,0.007,V
2456015.89418,12.170,0.007,V
2456015.89591,12.173,0.007,V
2456015.89766,12.174,0.007,V
2456015.89946,12.163,0.007,V
2456015.90169,12.156,0.006,V
2456015.90392,12.178,0.007,V
2456015.90566,12.186,0.007,V
2456015.90916,12.175,0.007,V
2456015.91090,12.164,0.007,V
2456015.91264,12.169,0.007,V
2456015.91439,12.176,0.008,V
2456015.91613,12.160,0.008,V
2456015.97164,12.076,0.004,V
2456016.86241,12.078,0.006,V
2456016.86412,12.095,0.006,V
2456016.86582,12.076,0.006,V
2456016.86752,12.088,0.007,V
2456016.86922,12.093,0.007,V
2456016.87094,12.086,0.007,V
2456016.87265,12.093,0.007,V
2456016.87435,12.074,0.006,V
2456016.87606,12.082,0.006,V
2456016.87778,12.082,0.006,V
2456016.87948,12.092,0.007,V
2456016.88119,12.088,0.007,V
2456016.88291,12.083,0.007,V
2456016.88479,12.081,0.006,V
2456016.88686,12.081,0.007,V
2456016.88894,12.084,0.007,V
2456016.89064,12.082,0.007,V
2456016.89236,12.085,0.007,V
2456016.89407,12.084,0.007,V
2456016.89584,12.079,0.007,V
2456016.89804,12.095,0.006,V
2456016.90025,12.091,0.006,V
2456016.90198,12.078,0.007,V
2456016.90369,12.094,0.007,V
2456016.90542,12.100,0.008,V
2456016.90713,12.124,0.008,V
2456016.90885,12.115,0.010,V
2456016.91057,12.120,0.009,V
2456016.91229,12.083,0.008,V
2456016.91402,12.095,0.010,V
2456016.91574,12.109,0.008,V
2456016.96416,12.011,0.003,V
2456017.86016,12.044,0.006,V
2456017.86191,12.037,0.006,V
2456017.86366,12.035,0.006,V
2456017.86541,12.041,0.006,V
2456017.86714,12.040,0.006,V
2456017.86890,12.039,0.006,V
2456017.87065,12.048,0.006,V
2456017.87240,12.050,0.006,V
2456017.87414,12.049,0.006,V
2456017.87590,12.038,0.006,V
2456017.87765,12.043,0.006,V
2456017.87941,12.050,0.006,V
2456017.88116,12.043,0.006,V
2456017.88309,12.040,0.006,V
2456017.88520,12.040,0.006,V
2456017.88729,12.035,0.006,V
2456017.88905,12.048,0.006,V
2456017.89081,12.044,0.006,V
2456017.89262,12.054,0.006,V
2456017.89485,12.055,0.006,V
2456017.89709,12.051,0.006,V
2456017.89887,12.047,0.006,V
2456017.90061,12.049,0.006,V
2456017.90237,12.056,0.006,V
2456017.90413,12.054,0.006,V
2456017.90589,12.051,0.006,V
2456017.90765,12.057,0.006,V
2456017.90941,12.050,0.007,V
2456017.91117,12.060,0.007,V
2456017.91293,12.048,0.007,V
2456017.91469,12.064,0.007,V
2456017.91645,12.056,0.008,V
2456017.95827,11.966,0.004,V
2456018.85846,12.076,0.006,V
2456018.86155,12.069,0.006,V
2456018.86462,12.073,0.007,V
2456018.86770,12.074,0.006,V
2456018.87076,12.072,0.006,V
2456018.87383,12.068,0.006,V
2456018.87691,12.076,0.006,V
2456018.88017,12.072,0.006,V
2456018.88361,12.084,0.006,V
2456018.88669,12.076,0.006,V
2456018.88977,12.082,0.006,V
2456018.89245,12.079,0.006,V
2456018.89559,12.079,0.006,V
2456018.89829,12.070,0.006,V
2456018.90098,12.083,0.006,V
2456018.90368,12.080,0.006,V
2456018.90638,12.076,0.006,V
2456018.90907,12.089,0.006,V
2456018.91177,12.069,0.007,V
2456018.91447,12.074,0.007,V
2456018.91719,12.068,0.008,V
2456019.13291,12.06,0.05,V
2456019.85567,11.940,0.006,V
2456019.85873,11.958,0.006,V
2456019.86179,11.943,0.006,V
2456019.86488,11.945,0.006,V
2456019.86796,11.950,0.006,V
2456019.87104,11.955,0.006,V
2456019.87411,11.951,0.006,V
2456019.87740,11.946,0.006,V
2456019.88084,11.964,0.006,V
2456019.88394,11.956,0.006,V
2456019.88701,11.969,0.006,V
2456019.88971,11.969,0.006,V
2456019.89286,11.956,0.006,V
2456019.89557,11.966,0.006,V
2456019.89828,11.973,0.006,V
2456019.90098,11.951,0.006,V
2456019.90370,11.955,0.006,V
2456019.90640,11.951,0.006,V
2456019.90912,11.956,0.006,V
2456019.91182,11.948,0.006,V
2456019.91454,11.948,0.006,V
2456019.91723,11.953,0.007,V
2456020.85291,11.515,0.006,V
2456020.85597,11.535,0.007,V
2456020.85905,11.495,0.006,V
2456020.86213,11.507,0.005,V
2456020.86521,11.521,0.005,V
2456020.86830,11.509,0.006,V
2456020.87138,11.513,0.005,V
2456020.87464,11.520,0.005,V
2456020.87808,11.519,0.005,V
2456020.88116,11.522,0.005,V
2456020.88425,11.525,0.005,V
2456020.88694,11.511,0.005,V
2456020.89009,11.522,0.005,V
2456020.89279,11.518,0.005,V
2456020.89550,11.523,0.006,V
2456020.89819,11.512,0.005,V
2456020.90091,11.508,0.006,V
2456020.90332,11.530,0.003,V
2456020.90361,11.506,0.005,V
2456020.90632,11.517,0.005,V
2456020.90902,11.509,0.005,V
2456020.91172,11.507,0.005,V
2456021.88095,10.863,0.003,V
2456021.95253,10.683,0.003,V
2456023.84409,11.017,0.005,V
2456023.84711,11.016,0.005,V
2456023.85013,11.020,0.005,V
2456023.85315,11.032,0.005,V
2456023.85618,11.021,0.005,V
2456023.85920,11.024,0.005,V
2456023.86226,11.022,0.005,V
2456023.86549,11.033,0.005,V
2456023.86888,11.017,0.005,V
2456023.87229,11.040,0.005,V
2456023.87532,11.040,0.005,V
2456023.87797,11.039,0.005,V
2456023.88104,11.047,0.005,V
2456023.88368,11.038,0.005,V
2456023.88632,11.036,0.005,V
2456023.88897,11.039,0.005,V
2456023.89177,11.050,0.005,V
2456023.89442,11.041,0.005,V
2456023.89706,11.035,0.005,V
2456024.84315,11.116,0.005,V
2456024.84613,11.127,0.005,V
2456024.84914,11.119,0.005,V
2456024.85214,11.111,0.005,V
2456024.85515,11.119,0.005,V
2456024.85816,11.113,0.005,V
2456024.86117,11.120,0.005,V
2456024.86439,11.113,0.005,V
2456024.86778,11.118,0.005,V
2456024.87080,11.118,0.005,V
2456024.87341,11.122,0.005,V
2456024.87648,11.115,0.005,V
2456024.87955,11.129,0.005,V
2456024.88218,11.129,0.005,V
2456024.88479,11.130,0.005,V
2456024.88742,11.120,0.005,V
2456024.89006,11.125,0.005,V
2456024.89269,11.135,0.006,V
2456024.89531,11.121,0.005,V
2456024.89796,11.121,0.005,V
2456024.90059,11.129,0.005,V
2456024.90322,11.125,0.005,V
2456024.90587,11.127,0.006,V
2456024.90851,11.118,0.005,V
2456024.91117,11.104,0.006,V
2456024.91381,11.116,0.006,V
2456024.91646,11.119,0.006,V
2456025.84050,12.152,0.007,V
2456025.84348,12.161,0.007,V
2456025.84647,12.168,0.008,V
2456025.84948,12.170,0.007,V
2456025.85249,12.170,0.008,V
2456025.85549,12.145,0.007,V
2456025.85850,12.159,0.008,V
2456025.86172,12.148,0.007,V
2456025.86510,12.159,0.007,V
2456025.86813,12.159,0.007,V
2456025.87075,12.159,0.007,V
2456025.87382,12.160,0.008,V
2456025.87689,12.141,0.007,V
2456025.87951,12.154,0.007,V
2456025.88214,12.148,0.008,V
2456025.88477,12.142,0.007,V
2456025.88740,12.128,0.007,V
2456025.89003,12.135,0.007,V
2456025.89267,12.143,0.008,V
2456025.89531,12.136,0.007,V
2456025.89795,12.131,0.007,V
2456025.90059,12.144,0.007,V
2456025.90323,12.114,0.007,V
2456025.90587,12.131,0.007,V
2456025.90852,12.126,0.007,V
2456025.91116,12.133,0.008,V
2456025.91381,12.143,0.008,V
2456025.91645,12.152,0.008,V
2456025.91910,12.127,0.009,V
2456026.83716,12.161,0.008,V
2456026.83888,12.171,0.009,V
2456026.84058,12.157,0.008,V
2456026.84228,12.186,0.009,V
2456026.84399,12.166,0.009,V
2456026.84569,12.144,0.008,V
2456026.84741,12.167,0.009,V
2456026.84911,12.154,0.008,V
2456026.85082,12.158,0.008,V
2456026.85252,12.157,0.008,V
2456026.85424,12.149,0.009,V
2456026.85594,12.173,0.008,V
2456026.85784,12.212,0.009,V
2456026.85990,12.222,0.008,V
2456026.86196,12.213,0.008,V
2456026.86368,12.230,0.008,V
2456026.86539,12.216,0.008,V
2456026.86712,12.212,0.009,V
2456026.86888,12.207,0.008,V
2456026.87106,12.192,0.008,V
2456026.87326,12.227,0.008,V
2456026.87498,12.208,0.008,V
2456026.87669,12.202,0.008,V
2456026.87840,12.214,0.008,V
2456026.88012,12.192,0.008,V
2456026.88183,12.211,0.009,V
2456026.88354,12.199,0.008,V
2456026.88525,12.207,0.008,V
2456026.88697,12.189,0.008,V
2456026.88868,12.214,0.008,V
2456026.89043,12.196,0.009,V
2456026.89216,12.187,0.008,V
2456026.89390,12.214,0.008,V
2456026.89563,12.185,0.008,V
2456026.89734,12.185,0.009,V
2456026.89905,12.195,0.008,V
2456026.90078,12.197,0.008,V
2456026.90250,12.188,0.008,V
2456026.90422,12.183,0.009,V
2456026.90594,12.190,0.009,V
2456026.90765,12.178,0.008,V
2456026.90938,12.195,0.008,V
2456026.91110,12.194,0.008,V
2456026.91282,12.188,0.009,V
2456026.91454,12.192,0.008,V
2456026.91626,12.187,0.009,V
2456026.91799,12.189,0.009,V
2456026.92326,12.19,0.01,V
2456027.83394,12.009,0.009,V
2456027.83564,11.967,0.010,V
2456027.83735,11.974,0.009,V
2456027.83906,12.000,0.009,V
2456027.84076,11.974,0.009,V
2456027.84247,11.952,0.009,V
2456027.84417,11.948,0.009,V
2456027.84587,11.958,0.009,V
2456027.84758,11.936,0.009,V
2456027.84928,11.935,0.009,V
2456027.85098,11.896,0.009,V
2456027.85269,11.907,0.009,V
2456027.85457,11.947,0.009,V
2456027.85662,11.936,0.009,V
2456027.85867,11.942,0.009,V
2456027.86037,11.930,0.009,V
2456027.86207,11.918,0.009,V
2456027.86378,11.922,0.008,V
2456027.86554,11.902,0.009,V
2456027.86774,11.904,0.009,V
2456027.86994,11.900,0.008,V
2456027.87166,11.898,0.008,V
2456027.87337,11.883,0.008,V
2456027.87508,11.890,0.008,V
2456027.87681,11.886,0.008,V
2456027.87851,11.886,0.009,V
2456027.88022,11.867,0.009,V
2456027.88193,11.875,0.009,V
2456027.88365,11.850,0.008,V
2456027.88536,11.867,0.009,V
2456027.88708,11.875,0.009,V
2456027.88880,11.857,0.008,V
2456027.89050,11.865,0.008,V
2456027.89221,11.842,0.008,V
2456027.89392,11.850,0.008,V
2456027.89565,11.849,0.008,V
2456027.89736,11.827,0.009,V
2456027.89907,11.835,0.008,V
2456027.90078,11.854,0.008,V
2456027.90249,11.828,0.008,V
2456027.90421,11.838,0.009,V
2456027.90593,11.819,0.009,V
2456027.90765,11.826,0.009,V
2456027.90936,11.807,0.009,V
2456027.91108,11.804,0.008,V
2456027.91280,11.816,0.009,V
2456027.91453,11.793,0.008,V
2456027.91625,11.808,0.009,V
2456027.91796,11.790,0.009,V
2456027.93404,11.631,0.005,V
2456028.83082,11.774,0.012,V
2456028.83251,11.718,0.011,V
2456028.83421,11.736,0.012,V
2456028.83593,11.752,0.012,V
2456028.83763,11.758,0.012,V
2456028.83933,11.767,0.012,V
2456028.84104,11.780,0.012,V
2456028.84275,11.750,0.012,V
2456028.84447,11.738,0.012,V
2456028.84617,11.766,0.012,V
2456028.84787,11.752,0.012,V
2456028.84958,11.759,0.012,V
2456028.85147,11.751,0.011,V
2456028.85353,11.730,0.011,V
2456028.85559,11.772,0.011,V
2456028.85766,11.750,0.011,V
2456028.85936,11.765,0.011,V
2456028.86108,11.792,0.012,V
2456028.86284,11.776,0.011,V
2456028.86503,11.773,0.019,V
2456028.86723,11.765,0.011,V
2456028.86896,11.777,0.011,V
2456028.87066,11.794,0.011,V
2456028.87237,11.779,0.011,V
2456028.87409,11.790,0.011,V
2456028.87579,11.782,0.011,V
2456028.87750,11.785,0.012,V
2456028.87921,11.791,0.011,V
2456028.88094,11.798,0.012,V
2456028.88265,11.800,0.011,V
2456028.88436,11.812,0.012,V
2456028.88608,11.821,0.011,V
2456028.88779,11.837,0.011,V
2456028.88950,11.801,0.011,V
2456028.89122,11.820,0.011,V
2456028.89294,11.815,0.010,V
2456028.89465,11.803,0.010,V
2456028.89637,11.835,0.010,V
2456028.89808,11.840,0.011,V
2456028.89979,11.810,0.011,V
2456028.90152,11.829,0.011,V
2456028.90323,11.826,0.011,V
2456028.90494,11.825,0.011,V
2456028.90667,11.822,0.011,V
2456028.90839,11.820,0.010,V
2456028.91010,11.844,0.011,V
2456028.91182,11.822,0.011,V
2456028.91354,11.843,0.011,V
2456028.91525,11.841,0.011,V
2456028.91698,11.843,0.011,V
2456028.91869,11.833,0.011,V
2456029.92638,11.821,0.004,V
2456030.064502,11.93,0.011,V
2456030.92640,11.653,0.004,V
2456031.095382,11.245,0.003,V
2456031.82304,11.021,0.005,V
2456031.82473,11.034,0.005,V
2456031.82644,11.018,0.005,V
2456031.82813,11.037,0.005,V
2456031.82981,11.025,0.005,V
2456031.83150,11.025,0.005,V
2456031.83321,11.026,0.005,V
2456031.83490,11.034,0.005,V
2456031.83660,11.031,0.005,V
2456031.83830,11.030,0.005,V
2456031.84000,11.030,0.005,V
2456031.84170,11.032,0.005,V
2456031.84356,11.047,0.004,V
2456031.84563,11.039,0.005,V
2456031.84766,11.046,0.005,V
2456031.84971,11.041,0.005,V
2456031.85140,11.043,0.005,V
2456031.85310,11.041,0.004,V
2456031.85485,11.046,0.005,V
2456031.85704,11.051,0.006,V
2456031.85921,11.047,0.004,V
2456031.86091,11.043,0.004,V
2456031.86262,11.034,0.005,V
2456031.86432,11.040,0.005,V
2456031.86602,11.035,0.005,V
2456031.86772,11.043,0.004,V
2456031.86941,11.036,0.005,V
2456031.87111,11.042,0.005,V
2456031.87281,11.036,0.004,V
2456031.87451,11.032,0.004,V
2456031.87622,11.035,0.004,V
2456031.87792,11.037,0.005,V
2456031.87962,11.029,0.004,V
2456031.88132,11.036,0.004,V
2456031.88303,11.025,0.005,V
2456031.88472,11.026,0.004,V
2456031.88648,11.024,0.005,V
2456031.88818,11.034,0.004,V
2456031.88990,11.024,0.005,V
2456031.89161,11.023,0.005,V
2456031.89331,11.029,0.005,V
2456031.89502,11.030,0.005,V
2456031.89674,11.025,0.005,V
2456031.89846,11.015,0.005,V
2456031.90020,11.010,0.005,V
2456031.90191,11.019,0.005,V
2456031.90363,11.006,0.005,V
2456031.90534,11.022,0.005,V
2456032.13912,10.838,0.004,V
2456032.82139,11.056,0.003,V
2456032.82366,11.050,0.003,V
2456032.82593,11.035,0.003,V
2456032.82821,11.040,0.003,V
2456032.83047,11.042,0.003,V
2456032.83274,11.044,0.003,V
2456032.83502,11.046,0.003,V
2456032.83729,11.049,0.003,V
2456032.83956,11.066,0.003,V
2456032.84200,11.100,0.003,V
2456032.84461,11.101,0.003,V
2456032.84722,11.102,0.003,V
2456032.84949,11.102,0.003,V
2456032.85181,11.105,0.003,V
2456032.85456,11.099,0.003,V
2456032.85731,11.108,0.003,V
2456032.85958,11.101,0.003,V
2456032.86185,11.109,0.003,V
2456032.86412,11.111,0.003,V
2456032.86639,11.116,0.003,V
2456032.86866,11.111,0.003,V
2456032.87094,11.119,0.003,V
2456032.87321,11.109,0.003,V
2456032.87547,11.119,0.003,V
2456032.87774,11.124,0.003,V
2456032.88002,11.128,0.003,V
2456032.88230,11.130,0.003,V
2456032.88457,11.129,0.003,V
2456032.88684,11.129,0.003,V
2456032.88911,11.141,0.003,V
2456032.89139,11.142,0.003,V
2456032.89366,11.139,0.003,V
2456032.89487,11.161,0.004,V
2456032.89593,11.143,0.003,V
2456032.89819,11.156,0.003,V
2456032.90047,11.161,0.003,V
2456032.90275,11.153,0.003,V
2456032.90503,11.155,0.003,V
2456033.81766,10.890,0.004,V
2456033.81936,10.878,0.004,V
2456033.82106,10.870,0.004,V
2456033.82277,10.878,0.004,V
2456033.82446,10.868,0.004,V
2456033.82616,10.869,0.004,V
2456033.82786,10.879,0.004,V
2456033.82955,10.872,0.004,V
2456033.83126,10.871,0.004,V
2456033.83296,10.870,0.004,V
2456033.83465,10.879,0.004,V
2456033.83635,10.892,0.004,V
2456033.83823,10.935,0.004,V
2456033.84027,10.947,0.004,V
2456033.84233,10.943,0.004,V
2456033.84403,10.942,0.004,V
2456033.84573,10.949,0.004,V
2456033.84743,10.939,0.004,V
2456033.84919,10.937,0.004,V
2456033.85137,10.932,0.009,V
2456033.85355,10.935,0.004,V
2456033.85448,10.973,0.004,V
2456033.85525,10.943,0.004,V
2456033.85696,10.934,0.004,V
2456033.85867,10.931,0.004,V
2456033.86037,10.934,0.004,V
2456033.86207,10.938,0.004,V
2456033.86378,10.933,0.004,V
2456033.86549,10.930,0.004,V
2456033.86719,10.919,0.004,V
2456033.86890,10.927,0.004,V
2456033.87060,10.929,0.004,V
2456033.87230,10.923,0.004,V
2456033.87402,10.929,0.004,V
2456033.87572,10.930,0.004,V
2456033.87743,10.929,0.004,V
2456033.87914,10.929,0.004,V
2456033.88086,10.934,0.004,V
2456033.88256,10.929,0.004,V
2456033.88427,10.938,0.004,V
2456033.88597,10.935,0.004,V
2456033.88769,10.933,0.004,V
2456033.88940,10.934,0.004,V
2456033.89111,10.933,0.004,V
2456033.89282,10.943,0.004,V
2456033.89454,10.946,0.004,V
2456033.89625,10.950,0.004,V
2456033.89796,10.947,0.005,V
2456033.89968,10.951,0.004,V
2456033.90139,10.960,0.004,V
2456033.90310,10.956,0.005,V
2456033.90483,10.947,0.005,V
2456033.90654,10.956,0.004,V
2456033.90826,10.957,0.004,V
2456033.90999,10.964,0.004,V
2456033.91170,10.946,0.004,V
2456033.91288,10.846,0.003,V
2456034.81551,11.192,0.005,V
2456034.81725,11.182,0.005,V
2456034.81898,11.187,0.005,V
2456034.82072,11.176,0.005,V
2456034.82247,11.189,0.005,V
2456034.82420,11.178,0.005,V
2456034.82594,11.164,0.005,V
2456034.82767,11.166,0.005,V
2456034.82942,11.170,0.005,V
2456034.83116,11.166,0.005,V
2456034.83289,11.169,0.005,V
2456034.83464,11.158,0.005,V
2456034.83654,11.203,0.005,V
2456034.83865,11.201,0.005,V
2456034.84074,11.196,0.005,V
2456034.84248,11.207,0.005,V
2456034.84424,11.202,0.005,V
2456034.84603,11.176,0.019,V
2456034.85050,11.196,0.005,V
2456034.85272,11.198,0.005,V
2456034.85447,11.199,0.005,V
2456034.85622,11.207,0.005,V
2456034.85796,11.201,0.005,V
2456034.85971,11.197,0.005,V
2456034.86146,11.196,0.005,V
2456034.86321,11.206,0.005,V
2456034.86495,11.205,0.005,V
2456034.86671,11.204,0.005,V
2456034.86846,11.204,0.005,V
2456034.87021,11.206,0.005,V
2456034.87197,11.217,0.005,V
2456034.87372,11.219,0.005,V
2456034.87546,11.231,0.005,V
2456034.87721,11.229,0.005,V
2456034.87896,11.218,0.005,V
2456034.88046,11.236,0.006,V
2456034.88072,11.222,0.005,V
2456034.88247,11.221,0.005,V
2456034.88421,11.224,0.005,V
2456034.88596,11.221,0.005,V
2456034.88772,11.219,0.005,V
2456034.88947,11.230,0.005,V
2456034.89122,11.226,0.005,V
2456034.89297,11.226,0.005,V
2456034.89472,11.233,0.005,V
2456034.89647,11.231,0.005,V
2456034.89823,11.231,0.005,V
2456034.89998,11.233,0.005,V
2456034.90174,11.236,0.005,V
2456034.90350,11.235,0.005,V
2456034.90524,11.241,0.005,V
2456034.90700,11.243,0.005,V
2456034.90876,11.238,0.005,V
2456034.91052,11.246,0.005,V
2456034.91228,11.244,0.005,V
2456035.81346,11.076,0.005,V
2456035.81648,11.078,0.005,V
2456035.81950,11.073,0.005,V
2456035.82252,11.070,0.005,V
2456035.82554,11.072,0.005,V
2456035.82856,11.075,0.005,V
2456035.83160,11.068,0.005,V
2456035.83483,11.101,0.004,V
2456035.83823,11.095,0.004,V
2456035.84132,11.088,0.005,V
2456035.84405,11.074,0.004,V
2456035.84723,11.086,0.005,V
2456035.85039,11.081,0.005,V
2456035.85314,11.086,0.004,V
2456035.85587,11.080,0.004,V
2456035.85861,11.088,0.004,V
2456035.86134,11.089,0.005,V
2456035.86409,11.092,0.004,V
2456035.86682,11.083,0.013,V
2456035.86956,11.075,0.005,V
2456035.87230,11.087,0.005,V
2456035.87503,11.078,0.005,V
2456035.87778,11.095,0.004,V
2456035.88052,11.080,0.004,V
2456035.88328,11.078,0.004,V
2456035.88602,11.078,0.005,V
2456035.88876,11.074,0.005,V
2456035.89150,11.073,0.004,V
2456035.89425,11.080,0.005,V
2456035.89700,11.074,0.005,V
2456035.89975,11.073,0.005,V
2456035.90250,11.081,0.005,V
2456035.90524,11.083,0.005,V
2456035.90663,10.996,0.002,V
2456035.90800,11.087,0.005,V
2456035.91075,11.086,0.005,V
2456036.81091,10.789,0.004,V
2456036.81394,10.794,0.004,V
2456036.81696,10.801,0.004,V
2456036.81999,10.784,0.004,V
2456036.82301,10.778,0.004,V
2456036.82603,10.795,0.004,V
2456036.82904,10.784,0.004,V
2456036.83227,10.818,0.004,V
2456036.83568,10.816,0.004,V
2456036.83876,10.819,0.004,V
2456036.84149,10.817,0.004,V
2456036.84466,10.814,0.004,V
2456036.84782,10.820,0.004,V
2456036.85060,10.819,0.004,V
2456036.85336,10.816,0.004,V
2456036.85611,10.829,0.004,V
2456036.85884,10.821,0.004,V
2456036.86159,10.817,0.004,V
2456036.86432,10.804,0.004,V
2456036.86706,10.807,0.004,V
2456036.86979,10.803,0.004,V
2456036.87252,10.811,0.004,V
2456036.87527,10.809,0.004,V
2456036.87801,10.810,0.004,V
2456036.88075,10.804,0.004,V
2456036.88348,10.796,0.004,V
2456036.88623,10.788,0.004,V
2456036.88898,10.791,0.004,V
2456036.89172,10.777,0.004,V
2456036.89448,10.788,0.004,V
2456036.89722,10.791,0.004,V
2456036.89998,10.776,0.004,V
2456036.90272,10.780,0.004,V
2456036.90546,10.772,0.004,V
2456036.90822,10.779,0.004,V
2456036.91096,10.772,0.004,V
2456037.80802,10.520,0.004,V
2456037.81103,10.526,0.004,V
2456037.81404,10.531,0.004,V
2456037.81706,10.527,0.004,V
2456037.82008,10.526,0.004,V
2456037.82311,10.528,0.004,V
2456037.82613,10.542,0.004,V
2456037.82936,10.588,0.004,V
2456037.83277,10.587,0.004,V
2456037.83586,10.582,0.004,V
2456037.83860,10.584,0.004,V
2456037.84177,10.580,0.004,V
2456037.84494,10.580,0.004,V
2456037.84767,10.579,0.004,V
2456037.85042,10.583,0.004,V
2456037.85316,10.582,0.004,V
2456037.85590,10.578,0.004,V
2456037.85866,10.578,0.004,V
2456037.86139,10.569,0.004,V
2456037.86413,10.584,0.004,V
2456037.86688,10.580,0.004,V
2456037.86963,10.579,0.004,V
2456037.87238,10.588,0.004,V
2456037.87514,10.591,0.004,V
2456037.87789,10.586,0.004,V
2456037.88065,10.581,0.004,V
2456037.88340,10.583,0.004,V
2456037.88616,10.591,0.004,V
2456037.88890,10.583,0.004,V
2456037.89167,10.586,0.004,V
2456037.89442,10.579,0.004,V
2456037.89716,10.586,0.004,V
2456037.89993,10.583,0.004,V
2456037.90270,10.591,0.004,V
2456037.90546,10.590,0.004,V
2456037.90823,10.596,0.004,V
2456037.91102,10.596,0.004,V
2456038.80525,10.645,0.005,V
2456038.80826,10.673,0.004,V
2456038.81128,10.677,0.004,V
2456038.81431,10.675,0.004,V
2456038.81734,10.692,0.004,V
2456038.82037,10.698,0.004,V
2456038.82340,10.710,0.004,V
2456038.82664,10.731,0.004,V
2456038.83006,10.736,0.004,V
2456038.83316,10.744,0.004,V
2456038.83589,10.748,0.004,V
2456038.83905,10.733,0.004,V
2456038.84221,10.753,0.004,V
2456038.84494,10.742,0.004,V
2456038.84767,10.733,0.004,V
2456038.85042,10.735,0.004,V
2456038.85316,10.732,0.004,V
2456038.85590,10.740,0.004,V
2456038.85865,10.740,0.004,V
2456038.86140,10.743,0.005,V
2456038.86416,10.736,0.005,V
2456038.86691,10.726,0.005,V
2456038.86966,10.732,0.005,V
2456038.87243,10.735,0.005,V
2456038.87519,10.720,0.005,V
2456038.87795,10.731,0.006,V
2456038.88071,10.719,0.005,V
2456038.88346,10.726,0.007,V
2456038.88622,10.721,0.006,V
2456038.88897,10.730,0.005,V
2456038.89171,10.732,0.004,V
2456038.89447,10.736,0.005,V
2456038.89652,10.646,0.003,V
2456038.89722,10.754,0.008,V
2456038.89998,10.725,0.006,V
2456038.90273,10.764,0.006,V
2456038.90549,10.753,0.008,V
2456038.90825,10.742,0.005,V
2456038.91102,10.750,0.005,V
2456039.80245,10.841,0.004,V
2456039.80546,10.853,0.004,V
2456039.80846,10.858,0.004,V
2456039.81147,10.847,0.004,V
2456039.81449,10.846,0.004,V
2456039.81751,10.843,0.004,V
2456039.82053,10.839,0.004,V
2456039.82376,10.867,0.004,V
2456039.82716,10.862,0.004,V
2456039.83024,10.866,0.004,V
2456039.83299,10.862,0.004,V
2456039.83613,10.873,0.004,V
2456039.83929,10.869,0.004,V
2456039.84203,10.877,0.004,V
2456039.84477,10.871,0.004,V
2456039.84750,10.875,0.004,V
2456039.85023,10.880,0.004,V
2456039.85297,10.879,0.004,V
2456039.85572,10.877,0.004,V
2456039.85845,10.879,0.004,V
2456039.86119,10.880,0.004,V
2456039.86394,10.886,0.004,V
2456039.86668,10.887,0.004,V
2456039.86941,10.891,0.004,V
2456039.87215,10.888,0.004,V
2456039.87490,10.881,0.004,V
2456039.87764,10.877,0.004,V
2456039.88038,10.878,0.004,V
2456039.88313,10.874,0.004,V
2456039.88588,10.876,0.004,V
2456039.88862,10.882,0.004,V
2456039.89137,10.884,0.004,V
2456039.89412,10.886,0.006,V
2456039.89515,10.799,0.003,V
2456039.89686,10.882,0.004,V
2456039.89962,10.874,0.004,V
2456039.90236,10.886,0.004,V
2456039.90512,10.887,0.004,V
2456039.90787,10.870,0.004,V
2456039.91063,10.872,0.004,V
2456040.05009,10.87,0.02,V
2456040.79975,11.085,0.005,V
2456040.80275,11.087,0.005,V
2456040.80576,11.083,0.005,V
2456040.80877,11.076,0.005,V
2456040.81179,11.082,0.005,V
2456040.81481,11.077,0.005,V
2456040.81784,11.083,0.005,V
2456040.82106,11.117,0.005,V
2456040.82446,11.115,0.005,V
2456040.82753,11.107,0.005,V
2456040.83027,11.117,0.005,V
2456040.83343,11.119,0.005,V
2456040.83659,11.113,0.005,V
2456040.83933,11.119,0.005,V
2456040.84206,11.116,0.005,V
2456040.84479,11.123,0.005,V
2456040.84752,11.115,0.005,V
2456040.85025,11.123,0.005,V
2456040.85299,11.129,0.005,V
2456040.85572,11.129,0.005,V
2456040.85845,11.129,0.005,V
2456040.86119,11.137,0.005,V
2456040.86394,11.144,0.005,V
2456040.86667,11.149,0.005,V
2456040.86941,11.148,0.005,V
2456040.87214,11.153,0.005,V
2456040.87488,11.152,0.005,V
2456040.87763,11.150,0.005,V
2456040.88036,11.161,0.005,V
2456040.88310,11.161,0.005,V
2456040.88584,11.177,0.005,V
2456040.88859,11.170,0.005,V
2456040.89133,11.165,0.005,V
2456040.89407,11.169,0.005,V
2456040.89682,11.179,0.005,V
2456040.89956,11.185,0.005,V
2456040.90230,11.174,0.005,V
2456040.90505,11.179,0.005,V
2456040.90780,11.182,0.005,V
2456040.91054,11.178,0.005,V
2456041.109583,11.232,0.006,V
2456041.89231,11.645,0.004,V
2456042.80692,11.853,0.012,V
2456042.80860,12.038,0.008,V
2456042.81197,12.031,0.030,V
2456042.88575,11.900,0.003,V
2456044.11442,11.93,0.05,V
2456044.87156,12.331,0.007,V
2456044.88202,12.197,0.004,V
2456045.85549,11.879,0.006,V
2456045.88466,11.708,0.003,V
2456046.09199,11.66,0.05,V
2456046.78325,11.609,0.006,V
2456046.78508,11.598,0.006,V
2456046.78690,11.588,0.006,V
2456046.78872,11.596,0.006,V
2456046.79054,11.582,0.006,V
2456046.79236,11.605,0.006,V
2456046.79419,11.601,0.006,V
2456046.79601,11.597,0.006,V
2456046.79784,11.607,0.006,V
2456046.79965,11.598,0.006,V
2456046.80147,11.613,0.006,V
2456046.80347,11.615,0.006,V
2456046.80565,11.603,0.006,V
2456046.80780,11.617,0.006,V
2456046.80963,11.618,0.006,V
2456046.81146,11.612,0.006,V
2456046.81333,11.605,0.006,V
2456046.81567,11.617,0.006,V
2456046.81799,11.620,0.009,V
2456046.81981,11.615,0.006,V
2456046.82166,11.602,0.006,V
2456046.82350,11.605,0.006,V
2456046.82535,11.603,0.006,V
2456046.82718,11.594,0.006,V
2456046.82900,11.594,0.006,V
2456046.83083,11.597,0.006,V
2456046.83267,11.599,0.006,V
2456046.83451,11.591,0.006,V
2456046.83634,11.594,0.006,V
2456046.83818,11.595,0.006,V
2456046.84001,11.590,0.006,V
2456046.84184,11.596,0.006,V
2456046.84367,11.583,0.006,V
2456046.84550,11.582,0.006,V
2456046.84733,11.597,0.006,V
2456046.84916,11.590,0.006,V
2456046.85100,11.581,0.006,V
2456046.85282,11.586,0.006,V
2456046.85465,11.588,0.006,V
2456046.85649,11.587,0.005,V
2456046.85832,11.579,0.005,V
2456046.86015,11.579,0.006,V
2456046.86199,11.573,0.006,V
2456046.86383,11.570,0.006,V
2456046.86566,11.567,0.006,V
2456046.86750,11.563,0.005,V
2456046.86934,11.562,0.005,V
2456046.87118,11.566,0.006,V
2456046.87302,11.560,0.005,V
2456046.87487,11.560,0.005,V
2456046.87671,11.555,0.006,V
2456046.87849,11.508,0.003,V
2456046.87855,11.552,0.006,V
2456046.88041,11.550,0.005,V
2456046.88225,11.563,0.006,V
2456046.88409,11.552,0.006,V
2456046.88593,11.560,0.006,V
2456046.88775,11.561,0.006,V
2456046.88959,11.565,0.006,V
2456046.89144,11.559,0.006,V
2456046.89328,11.554,0.006,V
2456046.89512,11.555,0.006,V
2456046.89697,11.562,0.006,V
2456046.89881,11.549,0.006,V
2456046.90066,11.541,0.006,V
2456046.90250,11.535,0.006,V
2456046.90435,11.544,0.006,V
2456046.90619,11.541,0.006,V
2456046.90803,11.529,0.006,V
2456046.90988,11.541,0.006,V
2456046.91174,11.545,0.006,V
2456047.79722,11.484,0.006,V
2456047.80032,11.479,0.005,V
2456047.80361,11.498,0.005,V
2456047.80689,11.482,0.005,V
2456047.80983,11.470,0.005,V
2456047.81242,11.485,0.005,V
2456047.81545,11.469,0.005,V
2456047.81803,11.472,0.005,V
2456047.82063,11.458,0.005,V
2456047.82321,11.455,0.005,V
2456047.82580,11.438,0.005,V
2456047.82839,11.443,0.005,V
2456047.83097,11.422,0.005,V
2456047.83356,11.420,0.005,V
2456047.83616,11.420,0.005,V
2456047.83875,11.424,0.005,V
2456047.84134,11.401,0.005,V
2456047.84394,11.401,0.005,V
2456047.84653,11.407,0.005,V
2456047.84912,11.384,0.005,V
2456047.85171,11.392,0.005,V
2456047.85431,11.385,0.005,V
2456047.85690,11.388,0.005,V
2456047.85949,11.373,0.005,V
2456047.86209,11.365,0.005,V
2456047.86469,11.365,0.005,V
2456047.86729,11.349,0.005,V
2456047.86988,11.359,0.005,V
2456047.87249,11.358,0.005,V
2456047.87303,11.288,0.002,V
2456047.87509,11.348,0.005,V
2456047.87770,11.345,0.005,V
2456047.88030,11.348,0.005,V
2456047.88291,11.345,0.005,V
2456047.88551,11.349,0.005,V
2456047.88811,11.356,0.005,V
2456047.89072,11.336,0.005,V
2456047.89332,11.352,0.005,V
2456047.89593,11.345,0.005,V
2456047.89854,11.351,0.005,V
2456047.90116,11.338,0.005,V
2456047.90377,11.344,0.005,V
2456047.90639,11.343,0.005,V
2456047.90900,11.342,0.005,V
2456047.91162,11.339,0.005,V
2456048.77802,11.462,0.006,V
2456048.78094,11.464,0.005,V
2456048.78388,11.465,0.005,V
2456048.78682,11.465,0.005,V
2456048.78976,11.476,0.006,V
2456048.79271,11.475,0.006,V
2456048.79566,11.482,0.006,V
2456048.79882,11.487,0.005,V
2456048.80215,11.500,0.005,V
2456048.80514,11.495,0.005,V
2456048.80779,11.494,0.005,V
2456048.81087,11.493,0.005,V
2456048.81392,11.514,0.005,V
2456048.81656,11.510,0.005,V
2456048.81919,11.505,0.005,V
2456048.82183,11.510,0.005,V
2456048.82447,11.520,0.006,V
2456048.82709,11.510,0.005,V
2456048.82973,11.518,0.005,V
2456048.83237,11.530,0.005,V
2456048.83502,11.524,0.005,V
2456048.83766,11.534,0.005,V
2456048.84031,11.548,0.005,V
2456048.84295,11.541,0.005,V
2456048.84560,11.544,0.006,V
2456048.84825,11.548,0.005,V
2456048.85090,11.552,0.006,V
2456048.85355,11.547,0.005,V
2456048.85446,11.574,0.009,V
2456048.85620,11.542,0.005,V
2456048.85887,11.553,0.005,V
2456048.86149,11.548,0.005,V
2456048.86413,11.536,0.005,V
2456048.86677,11.531,0.005,V
2456048.86940,11.542,0.005,V
2456048.87204,11.532,0.005,V
2456048.87466,11.531,0.005,V
2456048.87731,11.524,0.005,V
2456048.87998,11.524,0.005,V
2456048.88263,11.509,0.005,V
2456048.88529,11.512,0.006,V
2456048.88794,11.503,0.005,V
2456048.89059,11.513,0.006,V
2456048.89324,11.526,0.005,V
2456048.89589,11.515,0.005,V
2456048.89855,11.519,0.006,V
2456048.90123,11.532,0.006,V
2456048.90388,11.525,0.006,V
2456048.90652,11.529,0.006,V
2456048.90918,11.536,0.005,V
2456048.91185,11.541,0.006,V
2456048.91467,11.469,0.005,V
2456049.77554,11.189,0.005,V
2456049.77850,11.192,0.005,V
2456049.78147,11.188,0.005,V
2456049.78444,11.199,0.005,V
2456049.78741,11.198,0.005,V
2456049.79039,11.189,0.005,V
2456049.79336,11.196,0.005,V
2456049.79653,11.219,0.005,V
2456049.79990,11.231,0.005,V
2456049.80291,11.226,0.005,V
2456049.80557,11.238,0.005,V
2456049.80867,11.231,0.005,V
2456049.81177,11.238,0.005,V
2456049.81443,11.233,0.005,V
2456049.81709,11.228,0.006,V
2456049.81975,11.230,0.005,V
2456049.82241,11.236,0.005,V
2456049.82508,11.239,0.005,V
2456049.82773,11.232,0.005,V
2456049.83039,11.227,0.005,V
2456049.83306,11.230,0.005,V
2456049.83572,11.229,0.005,V
2456049.83839,11.226,0.005,V
2456049.84105,11.228,0.005,V
2456049.84372,11.236,0.005,V
2456049.84638,11.241,0.005,V
2456049.84905,11.236,0.005,V
2456049.85172,11.245,0.005,V
2456049.85440,11.246,0.005,V
2456049.85584,11.30,0.01,V
2456049.85706,11.249,0.005,V
2456049.85973,11.251,0.005,V
2456049.86241,11.255,0.005,V
2456049.86509,11.264,0.005,V
2456049.86642,11.174,0.003,V
2456049.86775,11.257,0.005,V
2456049.87043,11.265,0.005,V
2456049.87309,11.283,0.005,V
2456049.87576,11.286,0.005,V
2456049.87844,11.295,0.005,V
2456049.88111,11.296,0.005,V
2456049.88378,11.285,0.005,V
2456049.88646,11.292,0.005,V
2456049.88913,11.293,0.005,V
2456049.89182,11.300,0.005,V
2456049.89450,11.302,0.005,V
2456049.89718,11.307,0.005,V
2456049.89985,11.297,0.005,V
2456049.90252,11.295,0.005,V
2456049.90521,11.291,0.005,V
2456049.90789,11.278,0.005,V
2456049.91058,11.297,0.005,V
2456050.77623,11.289,0.005,V
2456050.77913,11.300,0.005,V
2456050.78204,11.303,0.005,V
2456050.78493,11.304,0.005,V
2456050.78784,11.307,0.005,V
2456050.79073,11.308,0.005,V
2456050.79384,11.318,0.005,V
2456050.79712,11.316,0.005,V
2456050.80007,11.321,0.005,V
2456050.80266,11.329,0.005,V
2456050.80568,11.326,0.005,V
2456050.80870,11.332,0.005,V
2456050.81130,11.335,0.005,V
2456050.81389,11.337,0.005,V
2456050.81648,11.347,0.005,V
2456050.81909,11.335,0.005,V
2456050.82168,11.348,0.005,V
2456050.82427,11.352,0.005,V
2456050.82688,11.350,0.005,V
2456050.82947,11.362,0.005,V
2456050.83207,11.364,0.005,V
2456050.83466,11.351,0.005,V
2456050.83726,11.344,0.005,V
2456050.83986,11.357,0.005,V
2456050.84245,11.349,0.005,V
2456050.84506,11.349,0.005,V
2456050.84765,11.354,0.005,V
2456050.85025,11.351,0.005,V
2456050.85286,11.329,0.005,V
2456050.85476,11.353,0.009,V
2456050.85546,11.334,0.005,V
2456050.85806,11.325,0.005,V
2456050.86066,11.319,0.005,V
2456050.86326,11.324,0.005,V
2456050.86587,11.317,0.005,V
2456050.86847,11.323,0.005,V
2456050.87109,11.317,0.005,V
2456050.87369,11.311,0.005,V
2456050.87631,11.311,0.005,V
2456050.87891,11.316,0.005,V
2456050.88152,11.311,0.005,V
2456050.88413,11.311,0.005,V
2456050.88675,11.311,0.005,V
2456050.88935,11.311,0.005,V
2456050.89197,11.301,0.005,V
2456050.89457,11.308,0.005,V
2456050.89719,11.310,0.005,V
2456050.89979,11.306,0.005,V
2456050.90240,11.309,0.005,V
2456050.90501,11.307,0.005,V
2456050.90763,11.305,0.005,V
2456050.91024,11.299,0.005,V
2456050.91286,11.296,0.005,V
2456051.77061,11.211,0.011,V
2456051.77434,11.248,0.011,V
2456051.77806,11.188,0.011,V
2456051.78179,11.184,0.026,V
2456051.78552,11.170,0.012,V
2456051.78941,11.102,0.014,V
2456051.79350,11.114,0.013,V
2456051.79801,11.134,0.013,V
2456051.80258,11.143,0.013,V
2456051.80721,11.167,0.012,V
2456051.81189,11.160,0.011,V
2456051.81610,11.155,0.012,V
2456051.82030,11.177,0.011,V
2456051.82450,11.168,0.010,V
2456051.82884,11.172,0.011,V
2456051.83316,11.177,0.011,V
2456051.83748,11.193,0.010,V
2456051.84123,11.206,0.011,V
2456051.84499,11.206,0.010,V
2456051.84874,11.212,0.010,V
2456051.85250,11.187,0.010,V
2456051.85627,11.207,0.010,V
2456051.86003,11.198,0.010,V
2456051.86380,11.208,0.011,V
2456051.86430,11.379,0.003,V
2456051.86756,11.203,0.010,V
2456051.87132,11.205,0.010,V
2456051.87508,11.170,0.010,V
2456051.87885,11.192,0.011,V
2456051.88262,11.226,0.011,V
2456051.88638,11.218,0.011,V
2456051.89015,11.239,0.010,V
2456051.89394,11.203,0.011,V
2456051.89771,11.218,0.011,V
2456051.90149,11.238,0.011,V
2456051.90525,11.219,0.011,V
2456051.90904,11.223,0.012,V
2456051.91281,11.188,0.012,V
2456052.76727,11.168,0.006,V
2456052.77098,11.188,0.005,V
2456052.77473,11.185,0.005,V
2456052.77847,11.178,0.005,V
2456052.78222,11.168,0.005,V
2456052.78612,11.131,0.005,V
2456052.79021,11.120,0.005,V
2456052.79471,11.133,0.006,V
2456052.79927,11.140,0.006,V
2456052.80390,11.118,0.005,V
2456052.80860,11.126,0.005,V
2456052.81281,11.122,0.006,V
2456052.81703,11.125,0.005,V
2456052.82124,11.110,0.005,V
2456052.82558,11.152,0.005,V
2456052.82991,11.146,0.005,V
2456052.83422,11.143,0.005,V
2456052.83797,11.143,0.005,V
2456052.84174,11.150,0.005,V
2456052.84549,11.141,0.005,V
2456052.84925,11.151,0.005,V
2456052.85301,11.154,0.005,V
2456052.85678,11.151,0.005,V
2456052.86056,11.152,0.005,V
2456052.86432,11.159,0.005,V
2456052.86809,11.155,0.005,V
2456052.87186,11.144,0.005,V
2456052.87563,11.154,0.005,V
2456052.87941,11.147,0.005,V
2456052.88318,11.153,0.006,V
2456052.88694,11.149,0.005,V
2456052.89073,11.156,0.005,V
2456052.89450,11.146,0.005,V
2456052.89829,11.152,0.005,V
2456052.90205,11.145,0.005,V
2456052.90583,11.140,0.005,V
2456052.90962,11.142,0.005,V
2456053.76557,11.638,0.007,V
2456053.76958,11.649,0.007,V
2456053.77362,11.679,0.008,V
2456053.77765,11.681,0.007,V
2456053.78168,11.697,0.007,V
2456053.78589,11.706,0.007,V
2456053.79029,11.697,0.007,V
2456053.79422,11.694,0.007,V
2456053.79822,11.702,0.007,V
2456053.80231,11.696,0.007,V
2456053.80640,11.702,0.007,V
2456053.81001,11.702,0.007,V
2456053.81360,11.698,0.007,V
2456053.81720,11.692,0.008,V
2456053.82079,11.690,0.007,V
2456053.82438,11.690,0.007,V
2456053.82796,11.709,0.007,V
2456053.83159,11.686,0.007,V
2456053.83519,11.679,0.007,V
2456053.83880,11.689,0.007,V
2456053.84240,11.699,0.008,V
2456053.84601,11.666,0.007,V
2456053.84961,11.680,0.007,V
2456053.85323,11.676,0.007,V
2456053.85640,11.564,0.005,V
2456053.85683,11.669,0.007,V
2456053.86046,11.672,0.007,V
2456053.86406,11.668,0.008,V
2456053.86767,11.661,0.007,V
2456053.87130,11.668,0.008,V
2456053.87492,11.660,0.007,V
2456053.87854,11.653,0.007,V
2456053.88215,11.663,0.008,V
2456053.88576,11.673,0.007,V
2456053.88939,11.662,0.007,V
2456053.89302,11.670,0.007,V
2456053.89667,11.682,0.007,V
2456053.90030,11.669,0.008,V
2456053.90392,11.680,0.007,V
2456053.90756,11.680,0.007,V
2456053.91120,11.667,0.007,V
2456054.76351,12.178,0.012,V
2456054.76755,12.142,0.012,V
2456054.77159,12.156,0.012,V
2456054.77561,12.123,0.012,V
2456054.77964,12.151,0.011,V
2456054.78384,12.154,0.011,V
2456054.78819,12.166,0.011,V
2456054.79214,12.158,0.011,V
2456054.79618,12.153,0.011,V
2456054.80025,12.139,0.011,V
2456054.80433,12.135,0.011,V
2456054.80791,12.143,0.011,V
2456054.81148,12.144,0.010,V
2456054.81506,12.131,0.011,V
2456054.81863,12.150,0.011,V
2456054.82221,12.140,0.011,V
2456054.82580,12.132,0.011,V
2456054.82939,12.131,0.011,V
2456054.83299,12.130,0.011,V
2456054.83657,12.114,0.010,V
2456054.84017,12.102,0.010,V
2456054.84377,12.103,0.010,V
2456054.84736,12.103,0.011,V
2456054.85097,12.096,0.010,V
2456054.85457,12.102,0.010,V
2456054.85530,12.14,0.02,V
2456054.85615,11.991,0.006,V
2456054.85816,12.083,0.011,V
2456054.86176,12.075,0.010,V
2456054.86537,12.067,0.010,V
2456054.86897,12.076,0.011,V
2456054.87257,12.064,0.010,V
2456054.87618,12.064,0.010,V
2456054.87980,12.071,0.010,V
2456054.88340,12.071,0.011,V
2456054.88701,12.038,0.010,V
2456054.89063,12.046,0.011,V
2456054.89424,12.068,0.011,V
2456054.89785,12.059,0.010,V
2456054.90146,12.059,0.011,V
2456054.90508,12.072,0.011,V
2456054.90872,12.055,0.011,V
2456054.91236,12.051,0.011,V
2456055.76067,11.525,0.014,V
2456055.76468,11.505,0.015,V
2456055.76870,11.477,0.014,V
2456055.77273,11.490,0.014,V
2456055.77674,11.502,0.014,V
2456055.78094,11.476,0.014,V
2456055.78528,11.459,0.013,V
2456055.78922,11.458,0.014,V
2456055.79323,11.472,0.014,V
2456055.79729,11.462,0.013,V
2456055.80133,11.479,0.014,V
2456055.80490,11.476,0.014,V
2456055.80846,11.467,0.014,V
2456055.81201,11.465,0.014,V
2456055.81558,11.452,0.014,V
2456055.81914,11.470,0.014,V
2456055.82271,11.448,0.013,V
2456055.82626,11.458,0.014,V
2456055.82983,11.457,0.014,V
2456055.83339,11.443,0.015,V
2456055.83697,11.464,0.014,V
2456055.84054,11.455,0.014,V
2456055.84411,11.480,0.014,V
2456055.84769,11.498,0.015,V
2456055.85126,11.505,0.015,V
2456055.85484,11.468,0.015,V
2456055.85841,11.517,0.015,V
2456055.86199,11.518,0.014,V
2456055.86559,11.486,0.015,V
2456055.86917,11.487,0.015,V
2456055.87274,11.493,0.015,V
2456055.87654,11.494,0.015,V
2456055.88012,11.495,0.015,V
2456055.88370,11.513,0.015,V
2456055.88729,11.520,0.015,V
2456055.89088,11.552,0.016,V
2456055.89447,11.536,0.016,V
2456055.89806,11.553,0.016,V
2456055.90164,11.552,0.016,V
2456055.90523,11.555,0.015,V
2456055.90882,11.538,0.016,V
2456055.91242,11.538,0.015,V
2456056.75743,12.075,0.010,V
2456056.76134,12.090,0.010,V
2456056.76525,12.096,0.010,V
2456056.76917,12.117,0.010,V
2456056.77308,12.119,0.010,V
2456060.87753,11.872,0.008,V
2456060.88108,11.787,0.006,V
2456060.88462,11.854,0.052,V
2456060.88816,11.798,0.011,V
2456060.89169,11.793,0.007,V
2456060.90233,11.869,0.008,V
2456060.90587,11.818,0.007,V
2456060.90941,11.817,0.007,V
2456062.83325,11.372,0.005,V
2456062.83683,11.369,0.005,V
2456062.84043,11.370,0.005,V
2456062.84402,11.366,0.005,V
2456062.84760,11.367,0.005,V
2456062.85118,11.372,0.005,V
2456062.85476,11.362,0.005,V
2456062.85837,11.367,0.005,V
2456062.86198,11.376,0.005,V
2456062.86557,11.366,0.005,V
2456062.86917,11.360,0.005,V
2456062.87278,11.361,0.005,V
2456062.87639,11.358,0.005,V
2456062.87999,11.353,0.005,V
2456062.88360,11.351,0.005,V
2456062.88722,11.335,0.005,V
2456064.73422,12.006,0.007,V
2456064.73919,12.018,0.007,V
2456064.74419,12.017,0.007,V
2456064.74916,12.001,0.007,V
2456064.75439,12.022,0.007,V
2456064.75987,12.021,0.007,V
2456064.76530,11.995,0.007,V
2456064.77081,11.996,0.007,V
2456064.77635,12.018,0.007,V
2456064.78132,12.021,0.007,V
2456064.78627,12.019,0.007,V
2456064.79123,12.023,0.007,V
2456064.79620,12.049,0.007,V
2456064.80119,12.070,0.007,V
2456064.80616,12.074,0.007,V
2456064.81115,12.077,0.007,V
2456064.81613,12.076,0.007,V
2456064.82112,12.068,0.007,V
2456064.82613,12.064,0.007,V
2456064.83112,12.060,0.007,V
2456064.83611,12.048,0.007,V
2456064.84110,12.037,0.007,V
2456064.84611,12.028,0.007,V
2456064.85112,12.010,0.007,V
2456064.85610,12.007,0.007,V
2456064.86112,11.976,0.007,V
2456064.86612,11.943,0.007,V
2456064.87113,11.948,0.007,V
2456064.87618,11.938,0.007,V
2456064.88124,11.941,0.007,V
2456064.88630,11.918,0.007,V
2456064.89139,11.911,0.007,V
2456064.89649,11.903,0.007,V
2456064.90108,11.910,0.007,V
2456064.90566,11.887,0.007,V
2456065.73015,11.767,0.006,V
2456065.73390,11.756,0.006,V
2456065.73764,11.754,0.006,V
2456065.74145,11.765,0.006,V
2456065.74521,11.760,0.006,V
2456065.75706,11.736,0.006,V
2456065.76171,11.752,0.006,V
2456065.76644,11.739,0.006,V
2456065.77120,11.724,0.006,V
2456065.77514,11.79,0.01,V
2456065.77596,11.720,0.006,V
2456065.78015,11.729,0.006,V
2456065.78431,11.716,0.006,V
2456065.78843,11.713,0.006,V
2456065.79258,11.710,0.006,V
2456065.79672,11.720,0.006,V
2456065.80087,11.712,0.006,V
2456065.80499,11.720,0.006,V
2456065.80913,11.726,0.006,V
2456065.81328,11.723,0.006,V
2456065.81742,11.725,0.006,V
2456065.82156,11.708,0.006,V
2456065.82571,11.726,0.006,V
2456065.82987,11.700,0.006,V
2456065.83046,11.621,0.004,V
2456065.83402,11.711,0.006,V
2456065.83817,11.699,0.006,V
2456065.84234,11.700,0.006,V
2456065.84650,11.682,0.006,V
2456065.85066,11.674,0.006,V
2456065.85481,11.676,0.006,V
2456065.85898,11.643,0.006,V
2456065.86315,11.652,0.006,V
2456065.86731,11.649,0.006,V
2456065.87148,11.651,0.006,V
2456065.87568,11.648,0.006,V
2456065.87991,11.661,0.006,V
2456065.88413,11.658,0.006,V
2456065.88846,11.668,0.006,V
2456065.89279,11.665,0.006,V
2456065.89661,11.674,0.006,V
2456065.90043,11.673,0.006,V
2456065.90424,11.660,0.006,V
2456065.90806,11.652,0.006,V
2456065.91189,11.669,0.006,V
2456065.91572,11.649,0.006,V
2456066.82083,11.412,0.004,V
2456067.72465,11.973,0.007,V
2456067.72787,11.961,0.007,V
2456067.73110,11.959,0.007,V
2456067.73432,11.927,0.007,V
2456067.73753,11.936,0.007,V
2456067.74075,11.939,0.007,V
2456067.74397,11.933,0.007,V
2456067.74736,11.924,0.006,V
2456067.75100,11.919,0.006,V
2456067.75506,11.922,0.006,V
2456067.75917,11.919,0.007,V
2456067.76341,11.927,0.007,V
2456067.76765,11.947,0.007,V
2456067.77131,11.932,0.006,V
2456067.77494,11.922,0.006,V
2456067.77498,11.972,0.006,V
2456067.77860,11.925,0.006,V
2456067.78223,11.920,0.007,V
2456067.78587,11.933,0.007,V
2456067.78951,11.941,0.006,V
2456067.79313,11.936,0.006,V
2456067.79677,11.938,0.007,V
2456067.80037,11.939,0.006,V
2456067.80397,11.947,0.006,V
2456067.80758,11.937,0.007,V
2456067.81119,11.948,0.007,V
2456067.81480,11.934,0.007,V
2456067.81841,11.933,0.007,V
2456067.82203,11.942,0.006,V
2456067.82329,11.830,0.003,V
2456067.82564,11.931,0.006,V
2456067.82925,11.929,0.007,V
2456067.83286,11.922,0.007,V
2456067.83648,11.908,0.007,V
2456067.84010,11.906,0.007,V
2456067.84372,11.923,0.007,V
2456067.84734,11.897,0.006,V
2456067.85098,11.896,0.006,V
2456067.85465,11.909,0.007,V
2456067.85832,11.905,0.006,V
2456067.86201,11.904,0.007,V
2456067.86568,11.903,0.006,V
2456067.86936,11.899,0.006,V
2456067.87306,11.883,0.007,V
2456067.87676,11.876,0.007,V
2456067.88054,11.906,0.006,V
2456067.88434,11.901,0.007,V
2456067.88814,11.909,0.007,V
2456067.89140,11.907,0.007,V
2456067.89468,11.895,0.007,V
2456067.89797,11.905,0.007,V
2456067.90125,11.913,0.008,V
2456067.90454,11.899,0.007,V
2456067.90784,11.925,0.007,V
2456067.91113,11.915,0.007,V
2456067.91441,11.910,0.007,V
2456068.036586,11.772,0.005,V
2456068.81526,11.630,0.005,V
2456068.84266,11.762,0.005,V
2456068.90041,11.872,0.009,V
2456069.71896,12.390,0.009,V
2456069.71896,12.389,0.008,V
2456069.72280,12.356,0.008,V
2456069.72280,12.353,0.008,V
2456069.72666,12.375,0.009,V
2456069.72666,12.374,0.008,V
2456069.73052,12.365,0.008,V
2456069.73052,12.356,0.008,V
2456069.73438,12.363,0.008,V
2456069.73438,12.362,0.008,V
2456069.73824,12.350,0.008,V
2456069.73824,12.349,0.008,V
2456069.74226,12.369,0.008,V
2456069.74226,12.367,0.007,V
2456069.74696,12.357,0.009,V
2456069.74696,12.355,0.008,V
2456069.75171,12.364,0.008,V
2456069.75171,12.363,0.008,V
2456069.75652,12.330,0.008,V
2456069.75652,12.327,0.008,V
2456069.76139,12.343,0.008,V
2456069.76139,12.340,0.007,V
2456069.76567,12.350,0.008,V
2456069.76567,12.347,0.008,V
2456069.76995,12.349,0.008,V
2456069.76995,12.348,0.008,V
2456069.77424,12.339,0.008,V
2456069.77424,12.337,0.007,V
2456069.77853,12.341,0.008,V
2456069.78281,12.324,0.008,V
2456069.78281,12.321,0.008,V
2456069.78709,12.341,0.008,V
2456069.78709,12.340,0.007,V
2456069.79137,12.340,0.008,V
2456069.79137,12.335,0.007,V
2456069.79561,12.346,0.008,V
2456069.79561,12.350,0.008,V
2456069.79986,12.344,0.008,V
2456069.79986,12.342,0.008,V
2456069.80411,12.365,0.009,V
2456069.80411,12.364,0.008,V
2456069.80836,12.370,0.009,V
2456069.80836,12.367,0.008,V
2456069.81262,12.354,0.008,V
2456069.81262,12.352,0.008,V
2456069.81603,12.282,0.006,V
2456069.81688,12.364,0.010,V
2456069.82113,12.353,0.009,V
2456069.82113,12.352,0.008,V
2456069.82539,12.353,0.009,V
2456069.82539,12.351,0.008,V
2456069.82965,12.354,0.009,V
2456069.82965,12.355,0.008,V
2456069.83392,12.362,0.009,V
2456069.83392,12.357,0.008,V
2456069.83561,12.39,0.01,V
2456069.83819,12.372,0.010,V
2456069.83819,12.366,0.010,V
2456069.84247,12.352,0.009,V
2456069.84247,12.356,0.008,V
2456069.84677,12.365,0.008,V
2456069.84677,12.362,0.008,V
2456069.85109,12.339,0.009,V
2456069.85109,12.337,0.008,V
2456069.85541,12.343,0.008,V
2456069.85541,12.342,0.008,V
2456069.85973,12.337,0.008,V
2456069.86406,12.351,0.010,V
2456069.86406,12.340,0.009,V
2456069.86840,12.342,0.011,V
2456069.86840,12.336,0.011,V
2456069.87274,12.331,0.009,V
2456069.87274,12.330,0.009,V
2456069.87718,12.351,0.009,V
2456069.87718,12.349,0.008,V
2456069.88161,12.325,0.009,V
2456069.88161,12.323,0.009,V
2456069.88556,12.295,0.022,V
2456069.88556,12.303,0.022,V
2456069.88949,12.249,0.035,V
2456069.88949,12.260,0.034,V
2456069.89344,12.175,0.029,V
2456069.89344,12.182,0.029,V
2456069.89738,12.326,0.014,V
2456069.89738,12.324,0.014,V
2456069.90132,12.290,0.010,V
2456069.90527,12.300,0.012,V
2456069.90527,12.301,0.013,V
2456069.91318,12.414,0.023,V
2456069.91318,12.420,0.024,V
2456070.80788,12.43,0.01,V
2456070.81630,12.315,0.006,V
2456071.055914,12.413,0.008,V
2456071.71341,11.817,0.006,V
2456071.71728,11.804,0.006,V
2456071.72115,11.803,0.006,V
2456071.72500,11.797,0.006,V
2456071.72887,11.780,0.006,V
2456071.73273,11.786,0.006,V
2456071.73676,11.774,0.006,V
2456071.74147,11.761,0.006,V
2456071.74625,11.771,0.006,V
2456071.75108,11.788,0.006,V
2456071.75597,11.776,0.006,V
2456071.76027,11.769,0.006,V
2456071.76456,11.793,0.006,V
2456071.76885,11.785,0.006,V
2456071.77316,11.781,0.006,V
2456071.77745,11.792,0.006,V
2456071.78172,11.802,0.006,V
2456071.78601,11.787,0.007,V
2456071.79027,11.788,0.006,V
2456071.79453,11.800,0.006,V
2456071.79881,11.799,0.006,V
2456071.80309,11.800,0.006,V
2456071.80448,11.82,0.01,V
2456071.80735,11.782,0.006,V
2456071.81162,11.788,0.006,V
2456071.81589,11.787,0.006,V
2456071.82017,11.785,0.006,V
2456071.82446,11.779,0.006,V
2456071.82873,11.806,0.006,V
2456071.83301,11.821,0.006,V
2456071.83729,11.809,0.006,V
2456071.84161,11.807,0.006,V
2456071.84594,11.809,0.006,V
2456071.85028,11.818,0.006,V
2456071.85462,11.811,0.006,V
2456071.85897,11.800,0.007,V
2456071.86333,11.809,0.006,V
2456071.86779,11.797,0.006,V
2456071.87223,11.800,0.006,V
2456071.87669,11.807,0.007,V
2456071.88064,11.794,0.006,V
2456071.88458,11.804,0.006,V
2456071.88853,11.798,0.007,V
2456071.89249,11.830,0.007,V
2456071.89277,11.938,0.006,V
2456071.89646,11.829,0.007,V
2456071.90043,11.828,0.007,V
2456071.90439,11.838,0.007,V
2456071.90837,11.843,0.007,V
2456071.91234,11.841,0.007,V
2456071.91631,11.840,0.007,V
2456072.85294,11.613,0.004,V
2456073.70868,11.552,0.006,V
2456073.71360,11.564,0.006,V
2456073.71851,11.572,0.006,V
2456073.72343,11.568,0.006,V
2456073.72853,11.567,0.007,V
2456073.73389,11.556,0.006,V
2456073.73924,11.547,0.005,V
2456073.74463,11.542,0.006,V
2456073.75010,11.539,0.005,V
2456073.75290,11.594,0.004,V
2456073.75499,11.550,0.007,V
2456073.75987,11.609,0.020,V
2456073.76478,11.553,0.005,V
2456073.76968,11.544,0.005,V
2456073.77456,11.525,0.006,V
2456073.77947,11.535,0.005,V
2456073.78436,11.538,0.006,V
2456073.78926,11.524,0.005,V
2456073.79419,11.523,0.005,V
2456073.79910,11.542,0.016,V
2456073.80402,11.442,0.011,V
2456073.80552,11.432,0.004,V
2456073.80895,11.371,0.040,V
2456073.82874,11.229,0.017,V
2456073.84370,11.468,0.011,V
2456073.85874,11.396,0.009,V
2456073.86387,11.416,0.006,V
2456073.86900,11.418,0.006,V
2456073.87413,11.399,0.006,V
2456073.87877,11.387,0.006,V
2456073.88340,11.382,0.006,V
2456073.88804,11.382,0.006,V
2456073.89270,11.407,0.006,V
2456073.89735,11.399,0.006,V
2456073.90201,11.386,0.006,V
2456073.90668,11.393,0.006,V
2456073.91135,11.369,0.006,V
2456073.91603,11.380,0.006,V
2456074.80559,11.439,0.004,V
2456074.80726,11.56,0.01,V
2456075.80447,11.363,0.002,V
2456075.87749,11.525,0.007,V
2456076.79995,11.451,0.005,V
2456076.87309,11.577,0.008,V
2456077.80123,11.378,0.003,V
2456077.87402,11.509,0.007,V
2456078.79371,11.723,0.005,V
2456078.87124,11.814,0.008,V
2456079.85689,11.657,0.009,V
2456080.049109,11.717,0.004,V
2456081.81043,11.559,0.008,V
2456081.86314,11.576,0.021,V
2456082.81541,11.60,0.01,V
2456084.85480,11.642,0.015,V
2456085.82232,11.287,0.005,V
2456085.84670,11.431,0.010,V
2456085.84763,11.403,0.010,V
2456085.84855,11.387,0.010,V
2456085.84948,11.410,0.010,V
2456085.85041,11.433,0.010,V
2456085.85133,11.424,0.010,V
2456086.77422,11.609,0.004,V
2456087.76491,11.715,0.005,V
2456087.84670,11.931,0.010,V
2456088.84392,11.926,0.008,V
2456089.75971,11.912,0.003,V
2456089.83860,12.018,0.009,V
2456090.060347,11.826,0.003,V
2456090.78191,12.103,0.005,V
2456090.83111,12.16,0.03,V
2456091.75691,12.088,0.005,V
2456091.80344,12.14,0.05,V
2456092.079526,12.174,0.002,V
2456092.75751,12.112,0.005,V
2456092.88611,12.15,0.03,V
2456093.75492,11.863,0.004,V
2456093.82656,12.044,0.009,V
2456094.071794,11.793,0.003,V
2456094.82378,12.177,0.010,V
2456095.82101,12.423,0.009,V
2456096.74714,12.248,0.006,V
2456097.70671,13.01,0.02,V
2456097.79025,12.925,0.007,V
2456097.81568,13.120,0.010,V
2456098.036377,12.843,0.004,V
2456098.76206,12.745,0.007,V
2456098.81291,12.930,0.008,V
2456099.81013,13.180,0.007,V
2456100.80642,12.870,0.007,V
2456102.73072,12.553,0.008,V
2456102.79601,12.663,0.007,V
2456103.79369,12.506,0.007,V
2456104.72706,12.628,0.006,V
2456104.79716,12.815,0.011,V
2456105.72019,12.666,0.006,V
2456105.79369,12.731,0.008,V
2456106.70453,13.60,0.02,V
2456106.71541,13.467,0.014,V
2456106.79115,13.638,0.010,V
2456107.70514,16.0,0.2,V
2456107.78929,15.948,0.071,V
2456108.70940,<15.3,0.1,V
2456108.78692,17.098,0.098,V
2456112.976987,<17.7,0.2,V
2456114.76933,<16.465,0.153,V
2456115.76713,<17.195,0.130,V
2456116.76436,<17.373,0.151,V
2456117.76124,<16.900,0.150,V
2456118.75938,<17.059,0.118,V
2456119.75637,<17.130,0.183,V
2456122.74757,<17.177,0.205,V
2456123.74317,<17.125,0.128,V
2456125.73947,<17.111,0.143,V
2456126.032095,<18.0,0.2,V
2456126.73669,<17.091,0.168,V
2456128.73426,<17.620,0.110,V
2456129.72836,<17.096,0.164,V
2456130.72581,<17.076,0.127,V
2456130.908698,<18.3,0.3,V
2456142.69294,<16.723,0.167,V
2456145.68646,<17.211,0.193,V
2456146.68808,<17.011,0.282,V
2456147.68438,<16.987,0.169,V
2456148.68368,<17.183,0.163,V
2456171.986111,<17.8,0.9,V
2456172.918912,<17.8,0.25,V
2456174.93767,18.4,0.9,V
2456179.956447,<16.5,0.2,V
2456181.926331,<18.4,0.3,V
2456192.927407,<17.9,0.25,V
2456202.946647,<17.6,0.7,V
2456203.956993,<17.3,0.14,V
