2455649.96938,12.681,0.011,V
2455650.97198,12.359,0.016,V
2455652.96626,12.477,0.019,V
2455653.96236,12.338,0.009,V
2455654.66972,12.364,0.026,V
2455654.95742,12.420,0.007,V
2455654.979,12.47,0.01,V
2455656.95130,12.274,0.009,V
2455657.67053,12.016,0.016,V
2455658.63756,11.309,0.014,V
2455659.64918,12.175,0.023,V
2455660.18765,12.6654,0.0088,V
2455660.19522,12.687,0.0086,V
2455660.20267,12.6832,0.0083,V
2455660.21023,12.6869,0.008,V
2455660.21751,12.7001,0.008,V
2455660.22754,12.6938,0.0077,V
2455660.23498,12.682,0.007,V
2455660.24243,12.6967,0.0067,V
2455660.24995,12.7049,0.0071,V
2455660.25749,12.7169,0.0069,V
2455660.26474,12.7046,0.0065,V
2455660.27199,12.7194,0.0069,V
2455660.27949,12.7189,0.0066,V
2455660.28676,12.7171,0.0066,V
2455660.29436,12.7165,0.0064,V
2455660.30161,12.7265,0.0064,V
2455660.30881,12.7501,0.0077,V
2455660.31616,12.7296,0.0068,V
2455660.32367,12.6928,0.0066,V
2455660.33135,12.7374,0.0065,V
2455660.33883,12.7347,0.0063,V
2455660.34632,12.7613,0.0066,V
2455660.35391,12.7675,0.0066,V
2455660.36157,12.767,0.0066,V
2455660.36911,12.7794,0.0069,V
2455660.37723,12.7845,0.0068,V
2455660.38463,12.7926,0.0066,V
2455660.39213,12.7955,0.0068,V
2455660.39983,12.8182,0.0078,V
2455660.62484,12.826,0.025,V
2455660.65091,12.796,0.024,V
2455660.93845,12.951,0.010,V
2455660.970208,13.07,,V
2455661.65027,13.115,0.026,V
2455662.00920,13.094,0.020,V
2455662.65117,13.228,0.031,V
2455663.94316,13.299,0.007,V
2455664.00573,13.333,0.020,V
2455664.94795,13.365,0.010,V
2455665.93895,13.423,0.007,V
2455666.93238,13.469,0.018,V
2455667.92832,13.511,0.019,V
2455668.92912,13.575,0.025,V
2455669.00017,13.586,0.020,V
2455669.92821,13.575,0.026,V
2455671.92170,13.661,0.013,V
2455672.17946,13.8326,0.028,V
2455672.18702,13.8471,0.0284,V
2455672.19488,13.851,0.0277,V
2455672.20306,13.8296,0.027,V
2455672.21139,13.8426,0.0266,V
2455672.21916,13.8346,0.0263,V
2455672.22765,13.8389,0.0251,V
2455672.31743,13.8228,0.0233,V
2455672.38538,13.8331,0.0229,V
2455677.90310,12.916,0.012,V
2455678.98808,13.308,0.038,V
2455679.89402,13.587,0.006,V
2455679.905,13.27,0.02,V
2455680.89856,13.688,0.013,V
2455681.98600,13.842,0.038,V
2455684.88543,13.963,0.009,V
2455685.87877,13.956,0.012,V
2455685.97766,13.866,0.084,V
2455687.87551,14.031,0.014,V
2455688.87289,14.085,0.012,V
2455688.96956,14.094,0.157,V
2455689.87373,14.105,0.017,V
2455689.947135,14.09,,V
2455693.86170,14.279,0.013,V
2455694.09523,14.4938,0.0424,V
2455694.10268,14.4341,0.039,V
2455694.11000,14.4783,0.0376,V
2455694.13510,14.4673,0.0321,V
2455694.14243,14.4692,0.0307,V
2455694.14968,14.447,0.0299,V
2455694.15694,14.4859,0.03,V
2455694.16419,14.4704,0.0291,V
2455694.17878,14.492,0.0292,V
2455694.18631,14.4477,0.0259,V
2455694.19360,14.5076,0.0276,V
2455694.20117,14.4808,0.0261,V
2455694.20850,14.4714,0.025,V
2455694.21601,14.4522,0.0249,V
2455694.22329,14.4983,0.0269,V
2455694.23067,14.5116,0.0259,V
2455694.23831,14.5279,0.0261,V
2455694.24562,14.5129,0.0255,V
2455694.25301,14.5263,0.027,V
2455694.26071,14.5002,0.0248,V
2455694.26810,14.5765,0.0287,V
2455694.27552,14.4999,0.0258,V
2455694.28304,14.5106,0.0257,V
2455694.29039,14.5375,0.0278,V
2455694.29799,14.4833,0.0247,V
2455694.30542,14.4867,0.0239,V
2455694.31278,14.4991,0.0265,V
2455694.32864,14.4888,0.0293,V
2455694.39080,14.5292,0.029,V
2455694.39857,14.5199,0.0271,V
2455694.40634,14.5975,0.0339,V
2455694.85502,14.304,0.013,V
2455695.85944,14.339,0.033,V
2455696.85126,14.338,0.014,V
2455697.85704,14.347,0.021,V
2455698.84115,14.420,0.032,V
2455703.09172,12.1872,0.0063,V
2455703.09898,12.185,0.006,V
2455703.10648,12.2025,0.006,V
2455703.12149,12.1999,0.0058,V
2455703.13894,12.1899,0.0054,V
2455703.14616,12.1842,0.0053,V
2455703.15336,12.1662,0.0051,V
2455703.16100,12.1702,0.0052,V
2455703.16844,12.1749,0.0052,V
2455703.17564,12.1729,0.0051,V
2455703.18285,12.181,0.005,V
2455703.19008,12.1815,0.0049,V
2455703.19730,12.1789,0.005,V
2455703.20463,12.1647,0.0048,V
2455703.21194,12.1689,0.0048,V
2455703.21932,12.1735,0.0049,V
2455703.24131,12.1785,0.0049,V
2455703.24881,12.1714,0.0053,V
2455703.25637,12.1711,0.0049,V
2455703.26385,12.1743,0.0054,V
2455703.27117,12.1569,0.005,V
2455703.27873,12.1708,0.0048,V
2455703.28608,12.1698,0.0054,V
2455703.29345,12.1773,0.0049,V
2455703.30801,12.1806,0.0049,V
2455703.31552,12.1783,0.0049,V
2455703.32296,12.1838,0.0048,V
2455703.33055,12.1738,0.0048,V
2455703.33787,12.1836,0.0053,V
2455703.34540,12.1815,0.0051,V
2455703.35287,12.1903,0.005,V
2455703.36034,12.1878,0.005,V
2455703.36775,12.2072,0.0049,V
2455703.37507,12.2149,0.005,V
2455703.38270,12.2063,0.005,V
2455703.39003,12.2116,0.0051,V
2455703.39736,12.2159,0.0051,V
2455703.40482,12.2228,0.0053,V
2455703.41244,12.2229,0.0056,V
2455708.91493,14.332,0.032,V
2455710.83119,14.571,0.017,V
2455711.81211,14.656,0.014,V
2455712.81200,14.717,0.016,V
2455720.78368,14.877,0.019,V
2455720.88207,14.839,0.039,V
2455721.78478,14.907,0.018,V
2455722.78398,14.925,0.024,V
2455723.78022,14.870,0.026,V
2455724.77212,14.896,0.039,V
2455725.76884,14.937,0.037,V
2455727.76317,14.910,0.065,V
2455730.75797,13.838,0.042,V
2455733.74597,14.045,0.012,V
2455735.74948,14.465,0.016,V
2455736.78833,14.536,0.017,V
2455737.73595,14.773,0.021,V
2455738.73883,14.888,0.023,V
2455739.75065,14.687,0.035,V
2455741.72448,15.117,0.025,V
2455742.72188,15.145,0.024,V
2455833.57139,15.744,0.048,V
2455845.56472,16.131,0.068,V
2455846.55971,15.968,0.069,V
2455847.55878,16.054,0.068,V
2455848.55801,16.169,0.064,V
2456001.01529,16.708,0.215,V
2456009.00418,16.873,0.079,V
2456013.97869,17.131,0.076,V
2456014.97750,16.749,0.069,V
2456016.97689,17.102,0.075,V
2456017.96884,16.763,0.070,V
2456018.96341,17.059,0.076,V
2456021.96557,17.232,0.087,V
2456027.94729,17.306,0.116,V
2456029.96638,17.268,0.111,V
2456030.93977,17.059,0.079,V
2456033.92412,17.493,0.098,V
2456035.91786,17.131,0.072,V
2456036.92194,17.184,0.087,V
2456038.91211,17.065,0.072,V
2456039.90642,17.189,0.069,V
2456041.90358,17.290,0.097,V
2456042.90131,17.420,0.087,V
2456042.90131,17.422,0.089,V
2456044.89331,17.089,0.092,V
2456045.89593,17.220,0.085,V
2456047.91315,17.155,0.072,V
2456048.94786,17.329,0.089,V
2456049.89554,17.152,0.073,V
2456051.87556,16.920,0.085,V
2456052.87160,17.188,0.118,V
2456053.86765,17.161,0.119,V
2456054.86736,17.901,0.256,V
2456065.87013,17.379,0.098,V
2456072.88516,17.326,0.087,V
2456085.88633,17.352,0.114,V
2456091.76889,17.599,0.122,V
2456097.82050,17.638,0.104,V
2456104.76359,17.669,0.110,V
2457277.37778,<16.8,0.3,CV
