2457094.87500,<4.7,,CV
2457096.84375,6.0,0.2,CV
2457097.23611,6.4,0.2,CV
2457097.83472,5.9,0.12,CV
2457097.86111,6.0,0.3,CV
2457098.27431,5.6,0.12,CV
2457098.2946,6.06,0.04,V
2457098.85069,6.35,0.1,CV
2457098.87847,6.3,0.1,CV
2457098.88542,5.85,0.3,CV
2457099.201453,6.157,0.084,V
2457099.23611,5.77,0.1,CV
2457099.31597,5.73,0.07,CV
2457099.668,5.45,0.17,V
2457099.81667,5.82,0.07,CV
2457099.89444,5.68,0.07,CV
2457100.200723,5.667,0.110,V
2457100.21944,5.63,0.07,CV
2457100.2507,5.34,0.05,V
2457100.27083,5.55,0.07,CV
2457100.7969,5.13,0.56,CV
2457100.80556,5.42,0.07,CV
2457100.81250,5.83,0.3,CV
2457101.24444,5.36,0.05,CV
2457101.2525,5.11,0.08,V
2457101.658,5.12,0.06,V
2457101.661,4.98,0.09,V
2457101.79757,5.14,0.3,CV
2457101.81944,4.97,0.07,CV
2457101.8334,4.93,0.29,CV
2457101.91130,4.827,0.021,V
2457102.17386,4.716,0.004,V
2457102.27014,4.86,0.07,CV
2457102.657,4.62,0.08,V
2457102.659,4.57,0.11,V
2457102.77083,4.56,0.07,CV
2457102.81250,4.61,0.05,CV
2457102.81250,4.63,0.07,CV
2457102.82292,4.56,0.33,CV
2457102.82292,4.30,0.21,CV
2457102.82292,4.55,0.28,CV
2457102.8282,4.7,0.15,CV
2457102.84167,4.73,0.05,CV
2457102.85208,4.58,0.05,CV
2457102.85417,4.63,0.07,CV
2457102.88542,4.5,0.1,CV
2457102.88542,4.61,0.07,CV
2457102.90417,4.55,0.05,CV
2457103.17416,4.318,0.003,V
2457103.23611,4.55,0.05,CV
2457103.26181,4.58,0.07,CV
2457103.32083,4.63,0.05,CV
2457103.83681,5.05,0.12,CV
2457104.17222,4.95,0.12,CV
2457104.65347,5.5,0.1,CV
2457104.75000,5.52,0.3,CV
2457104.88542,5.3,0.12,CV
2457104.9855,5.57,0.02,V
2457105.23264,5.62,0.1,CV
2457105.2613,5.58,0.05,V
2457105.31667,5.84,0.07,CV
2457105.85417,5.79,0.3,CV
2457105.85625,5.8,0.1,CV
2457105.85625,5.7,0.12,CV
2457106.19346,5.711,0.104,V
2457106.28194,5.85,0.12,CV
2457106.84375,6.0,0.12,CV
2457107.19500,6.031,0.064,V
2457107.25347,5.95,0.05,CV
2457107.30903,6.12,0.1,CV
2457107.73611,5.59,0.3,CV
2457107.8855,5.4,0.5,CV
2457107.90417,5.68,0.05,CV
2457108.2448,5.33,0.04,V
2457108.25000,5.6,0.12,CV
2457108.73403,5.25,0.07,CV
2457108.76181,5.19,0.07,CV
2457108.83333,5.36,0.3,CV
2457109.23403,5.12,0.05,CV
2457109.2679,5.08,0.09,V
2457109.62847,5.11,0.12,CV
2457109.71875,5.48,0.3,CV
2457109.75000,5.17,0.12,CV
2457109.9632,5.29,0.08,V
2457109.9664,5.32,0.05,CV
2457110.15817,5.405,0.035,V
2457110.19490,5.451,0.050,V
2457110.2048,5.27,0.06,V
2457110.22917,5.33,0.07,CV
2457110.2496,5.24,0.09,V
2457110.2694,5.22,0.01,V
2457110.40344,5.233,0.013,V
2457110.66795,5.211,0.004,V
2457110.8490,5.44,0.15,CV
2457110.84931,5.38,0.05,CV
2457110.86458,5.3,0.1,CV
2457110.91667,5.3,.01,CV
2457110.9942,5.30,0.04,V
2457110.9988,5.1,0.1,CV
2457111.15737,5.182,0.003,V
2457111.22917,5.21,0.05,CV
2457111.8386,5.39,0.21,CV
2457111.87500,5.23,0.07,CV
2457112.15337,4.953,0.006,V
2457112.26042,5.13,0.1,CV
2457112.83333,4.76,0.3,CV
2457112.8542,5.18,0.16,CV
2457112.88889,5.11,0.07,CV
2457113.30208,5.03,0.07,CV
2457113.64444,4.81,0.08,CV
2457113.79722,4.60,0.3,CV
2457113.8751,4.85,0.17,CV
2457113.90278,4.91,0.1,CV
2457114.30347,4.81,0.05,CV
2457114.3078,4.68,0.09,V
2457114.30903,4.88,0.07,CV
2457114.85417,4.56,0.3,CV
2457114.87847,4.81,0.05,CV
2457114.88889,4.79,0.07,CV
2457114.8907,4.62,0.18,CV
2457114.9459,4.46,0.11,V
2457114.9478,4.50,0.09,CV
2457115.30347,4.85,0.07,CV
2457115.69033,4.6475,0.0015,V
2457115.86458,4.57,0.3,CV
2457115.8646,4.38,0.16,CV
2457115.89792,4.63,0.05,CV
2457115.89792,4.66,0.05,CV
2457116.14368,4.552,0.003,V
2457116.25556,4.73,0.1,CV
2457116.32361,4.73,0.05,CV
2457116.82639,4.57,0.07,CV
2457116.83333,4.62,0.3,CV
2457116.8750,4.57,0.29,CV
2457116.89583,4.62,0.05,CV
2457117.13788,4.466,0.007,V
2457117.32361,4.6,0.12,CV
2457117.32639,4.53,0.15,CV
2457117.649,4.33,0.07,V
2457117.83333,4.75,0.3,CV
2457117.85347,4.62,0.07,CV
2457118.31181,4.48,0.1,CV
2457118.69436,4.3,,CV
2457118.80208,4.87,0.3,CV
2457118.88542,4.61,0.07,CV
2457119.6257,5.00,0.04,V
2457119.6271,4.94,0.02,V
2457119.6292,5.04,0.06,V
2457119.69012,5.143,0.002,V
2457119.72917,4.93,0.3,CV
2457119.83333,5.26,0.3,CV
2457119.89583,5.46,0.3,CV
2457119.90417,5.2,0.1,CV
2457120.29306,5.18,0.15,CV
2457120.69010,5.847,0.004,V
2457120.75694,5.68,0.3,CV
2457120.81250,5.77,0.3,CV
2457120.86458,5.51,0.1,CV
2457120.88542,5.85,0.3,CV
2457120.90417,5.58,0.1,CV
2457120.90829,6.043,0.016,V
2457121.12529,5.751,0.009,V
2457121.2446,5.56,0.08,V
2457121.28770,5.677,0.036,V
2457121.30208,5.73,0.1,CV
2457121.69013,5.542,0.005,V
2457121.89583,5.7,0.12,CV
2457121.90625,6.02,0.3,CV
2457121.91950,5.713,0.031,V
2457122.12409,5.659,0.009,V
2457122.32639,5.6,0.12,CV
2457122.92244,5.487,0.049,V
2457123.12279,5.410,0.007,V
2457124.6236,4.95,0.10,V
2457124.6257,4.92,0.02,V
2457124.6271,4.86,0.10,V
2457124.89583,5.4,0.1,CV
2457125.11940,4.857,0.018,V
2457125.31250,5.3,0.12,CV
2457125.6174,4.90,0.07,V
2457125.6194,4.81,0.02,V
2457125.6215,4.91,0.03,V
2457125.6236,4.92,0.02,V
2457125.67145,4.993,0.004,V
2457125.70833,5.33,0.3,CV
2457125.77083,5.43,0.3,CV
2457125.81250,5.38,0.3,CV
2457125.90278,5.12,0.05,CV
2457126.31944,5.1,0.12,CV
2457126.66938,5.216,0.006,V
2457126.68750,5.38,0.3,CV
2457126.70139,5.08,0.1,CV
2457126.72917,5.39,0.3,CV
2457126.77083,5.21,0.3,CV
2457126.79861,5.15,0.05,CV
2457126.81250,5.38,0.3,CV
2457126.85417,5.43,0.3,CV
2457126.90991,5.292,0.004,V
2457127.25694,5.28,0.05,CV
2457127.31597,5.31,0.05,CV
2457127.66667,5.68,0.3,CV
2457127.67080,5.192,0.006,V
2457127.70833,5.49,0.3,CV
2457127.73958,5.48,0.3,CV
2457127.77083,5.45,0.3,CV
2457127.77431,5.18,0.12,CV
2457127.81250,5.44,0.3,CV
2457127.83333,5.27,0.07,CV
2457127.89931,5.36,0.05,CV
2457128.33333,5.3,0.12,CV
2457128.39329,4.945,0.019,V
2457128.67708,5.87,0.3,CV
2457128.70833,5.49,0.3,CV
2457128.73958,5.52,0.3,CV
2457128.77083,5.20,0.3,CV
2457128.80208,5.42,0.3,CV
2457128.83333,5.51,0.3,CV
2457128.86458,5.61,0.3,CV
2457128.88403,5.22,0.1,CV
2457129.39089,5.185,0.006,V
2457129.66667,5.80,0.3,CV
2457129.69792,5.68,0.3,CV
2457129.72917,5.59,0.3,CV
2457129.87222,5.31,0.07,CV
2457129.88542,5.33,0.07,CV
2457130.32014,5.38,0.1,CV
2457130.38760,5.245,0.007,V
2457130.70833,5.58,0.3,CV
2457130.75000,5.81,0.3,CV
2457130.77083,5.54,0.3,CV
2457130.81250,5.31,0.3,CV
2457130.85417,5.68,0.3,CV
2457130.86181,5.39,0.1,CV
2457130.90764,5.34,0.1,CV
2457131.31250,5.38,0.1,CV
2457131.38471,5.123,0.028,V
2457131.66667,5.70,0.3,CV
2457131.72222,5.54,0.3,CV
2457131.73403,5.29,0.07,CV
2457131.73958,5.4,0.1,CV
2457131.80208,5.49,0.3,CV
2457131.89653,5.26,0.05,CV
2457132.09784,5.304,0.007,V
2457132.10903,5.33,0.07,CV
2457132.33681,5.28,0.1,CV
2457132.67708,5.59,0.3,CV
2457132.70139,5.48,0.07,CV
2457132.71181,5.2,0.12,CV
2457132.72917,5.61,0.3,CV
2457132.72917,5.60,0.3,CV
2457132.89931,5.39,0.07,CV
2457133.09175,5.576,0.008,V
2457133.11458,5.54,0.07,CV
2457133.22500,5.49,0.07,CV
2457133.32292,5.53,0.1,CV
2457133.63365,5.110,0.030,V
2457133.69792,5.61,0.3,CV
2457133.72917,5.04,0.3,CV
2457133.77778,4.97,0.3,CV
2457133.81250,5.08,0.3,CV
2457133.90625,5.26,0.07,CV
2457134.08806,5.043,0.012,V
2457134.31597,5.28,0.07,CV
2457134.37983,5.227,0.006,V
2457134.67708,5.57,0.3,CV
2457134.72917,5.45,0.3,CV
2457134.77083,5.38,0.3,CV
2457134.81250,5.28,0.3,CV
2457134.85417,5.23,0.3,CV
2457134.88333,5.22,0.07,CV
2457135.30000,5.3,0.1,CV
2457135.37564,4.939,0.011,V
2457135.62776,4.935,0.005,V
2457135.68750,4.88,0.3,CV
2457135.72917,4.95,0.3,CV
2457135.77083,5.02,0.3,CV
2457135.81250,5.04,0.3,CV
2457135.85417,4.99,0.3,CV
2457135.88889,4.91,0.07,CV
2457135.89583,4.87,0.07,CV
2457136.31250,4.9,0.1,CV
2457136.37295,4.764,0.011,V
2457136.66667,5.14,0.12,CV
2457136.68750,5.29,0.3,CV
2457136.72917,4.98,0.3,CV
2457136.77083,5.25,0.3,CV
2457136.81250,4.85,0.3,CV
2457136.81250,5.08,0.10,CV
2457137.66111,5.54,0.3,CV
2457137.68750,5.59,0.3,CV
2457137.70139,5.3,0.1,CV
2457137.72917,5.66,0.3,CV
2457137.77083,5.62,0.3,CV
2457137.86458,5.33,0.1,CV
2457138.27083,5.3,0.15,CV
2457138.68750,4.89,0.3,CV
2457138.72917,4.94,0.3,CV
2457138.77083,4.98,0.3,CV
2457138.81250,4.90,0.3,CV
2457138.84028,5.05,0.07,CV
2457138.901204,4.865,0.034,V
2457138.90278,4.9,0.1,CV
2457139.68750,4.47,0.3,CV
2457139.72569,5.42,0.07,CV
2457139.72917,5.31,0.3,CV
2457139.78125,5.16,0.3,CV
2457139.81250,5.11,0.3,CV
2457139.90625,5.34,0.07,CV
2457140.18403,5.28,0.07,CV
2457140.67708,5.35,0.3,CV
2457140.72917,4.91,0.3,CV
2457140.77083,5.30,0.3,CV
2457140.79861,5.31,0.05,CV
2457140.81250,5.25,0.3,CV
2457140.85417,5.36,0.3,CV
2457140.90486,5.43,0.07,CV
2457141.67361,5.5,0.12,CV
2457142.06835,6.005,0.013,V
2457142.29167,5.8,0.12,CV
2457143.06747,6.154,0.007,V
2457143.27778,6.2,0.1,CV
2457143.63108,6.365,0.038,V
2457143.88472,6.5,0.12,CV
2457144.32083,6.58,0.07,CV
2457144.76389,5.78,0.3,CV
2457144.89583,6.52,0.1,CV
2457145.33333,6.48,0.07,CV
2457145.87500,5.80,0.3,CV
2457145.88931,6.22,0.03,V
2457145.90278,6.4,0.1,CV
2457146.29167,6.5,0.1,CV
2457147.84375,5.51,0.3,CV
2457147.87500,5.9,0.12,CV
2457148.29167,6.0,0.12,CV
2457148.32944,5.484,0.017,V
2457148.33333,5.5,0.1,CV
2457151.32620,5.018,0.006,V
2457152.32473,5.079,0.011,V
2457152.61397,5.232,0.221,V
2457152.68750,5.28,0.3,CV
2457152.78125,5.46,0.3,CV
2457152.81250,5.01,0.3,CV
2457152.85417,5.44,0.3,CV
2457152.86111,5.35,0.07,CV
2457152.89583,5.30,0.3,CV
2457153.27083,5.38,0.07,CV
2457153.32085,5.389,0.013,V
2457153.5431,5.56,0.02,V
2457153.5451,5.53,0.06,V
2457153.61458,5.87,0.3,CV
2457153.64583,5.71,0.3,CV
2457153.87500,5.6,0.1,CV
2457154.25000,5.6,0.12,CV
2457154.31758,5.654,0.017,V
2457154.61806,5.60,0.3,CV
2457154.62594,5.445,0.024,V
2457154.66667,5.44,0.3,CV
2457154.68750,5.57,0.05,CV
2457154.69792,5.46,0.3,CV
2457154.85417,5.55,0.12,CV
2457155.03338,5.064,0.140,V
2457155.04861,5.65,0.1,CV
2457155.10417,5.41,0.07,CV
2457155.20139,5.57,0.1,CV
2457155.31511,5.470,0.005,V
2457155.61806,5.498,0.073,V
2457155.63542,5.58,0.3,CV
2457155.68403,5.58,0.3,CV
2457155.68750,5.7,0.1,CV
2457155.68750,5.48,0.3,CV
2457155.72917,5.46,0.3,CV
2457155.85417,5.68,0.05,CV
2457156.13542,5.62,0.12,CV
2457156.31384,5.710,0.015,V
2457156.64583,5.75,0.3,CV
2457156.71528,6.20,0.3,CV
2457156.72917,6.22,0.1,CV
2457156.75347,6.1,0.3,CV
2457156.76042,5.94,0.3,CV
2457157.06250,6.3,0.15,CV
2457157.31057,6.317,0.012,V
2457157.64583,5.88,0.3,CV
2457157.75000,5.74,0.3,CV
2457157.77083,5.92,0.3,CV
2457157.81250,5.92,0.3,CV
2457157.83333,5.89,0.3,CV
2457157.86458,5.84,0.3,CV
2457158.65278,5.95,0.3,CV
2457158.72917,6.31,0.3,CV
2457158.82639,6.50,0.3,CV
2457159.02315,6.722,0.041,V
2457160.02148,6.806,0.008,V
2457160.61993,6.606,0.061,V
2457161.02564,6.519,0.188,V
2457162.29744,6.455,0.011,V
2457162.60417,6.42,0.3,CV
2457162.64583,6.52,0.3,CV
2457163.29487,6.560,0.016,V
2457163.63542,6.31,0.3,CV
2457164.60417,6.06,0.3,CV
2457164.64583,5.88,0.3,CV
2457164.66667,6.09,0.3,CV
2457165.29005,6.087,0.012,V
2457166.01191,6.089,0.010,V
2457166.04263,6.229,0.068,V
2457167.75000,6.25,0.3,CV
2457167.99269,6.556,0.016,V
2457168.62023,6.222,0.010,V
2457169.62699,6.532,0.091,V
2457169.85417,6.08,0.3,CV
2457170.61658,6.151,0.010,V
2457170.79167,5.77,0.3,CV
2457170.82292,5.76,0.3,CV
2457171.82292,5.71,0.3,CV
2457171.86328,5.989,0.018,V
2457171.87500,5.76,0.3,CV
2457172.86458,5.89,0.3,CV
2457177.63097,6.242,0.101,V
2457179.53125,6.40,0.3,CV
2457180.54167,6.48,0.3,CV
2457180.963409,6.556,0.021,V
2457180.964034,6.491,0.020,V
2457180.964948,6.472,0.016,V
2457180.965955,6.489,0.016,V
2457180.96658,6.479,0.019,V
2457180.967413,6.498,0.016,V
2457180.968084,6.483,0.017,V
2457180.968779,6.488,0.017,V
2457180.969554,6.469,0.016,V
2457180.970179,6.482,0.022,V
2457180.98469,6.521,0.003,V
2457181.2852,6.72,0.05,V
2457182.24214,6.939,0.008,V
2457183.1525,7.38,0.05,V
2457183.24141,7.286,0.012,V
2457183.56250,6.52,0.3,CV
2457184.63542,6.49,0.3,CV
2457184.70833,6.60,0.3,CV
2457185.66667,6.61,0.3,CV
2457187.23159,7.856,0.009,V
2457188.13896,7.966,0.007,V
2457188.82250,8.274,0.012,V
2457189.83970,8.396,0.013,V
2457190.50790,8.427,0.009,V
2457190.50845,8.435,0.012,V
2457190.50894,8.432,0.011,V
2457190.50944,8.434,0.012,V
2457190.50995,8.427,0.013,V
2457190.51045,8.430,0.012,V
2457190.51096,8.434,0.011,V
2457190.51148,8.425,0.012,V
2457190.78757,9.073,0.015,V
2457191.77255,9.570,0.011,V
2457192.62581,9.558,0.029,V
2457192.79755,9.991,0.011,V
2457193.47811,10.360,0.010,V
2457193.47897,10.359,0.006,V
2457193.47979,10.363,0.007,V
2457193.48058,10.363,0.011,V
2457193.48140,10.361,0.008,V
2457193.48218,10.359,0.006,V
2457193.48297,10.361,0.010,V
2457193.62083,10.046,0.013,V
2457193.77137,10.439,0.011,V
2457193.98799,10.438,0.016,V
2457194.2682,10.51,0.05,V
2457194.44800,10.537,0.012,V
2457194.44921,10.541,0.011,V
2457194.45043,10.539,0.014,V
2457194.45165,10.543,0.010,V
2457194.45165,10.543,0.010,V
2457194.45186,10.539,0.010,V
2457194.45289,10.538,0.008,V
2457194.45411,10.540,0.007,V
2457194.45529,10.542,0.012,V
2457194.62284,10.2617,0.0136,V
2457194.796363,10.782,0.006,V
2457195.021331,10.58,0.013,V
2457195.1261,10.58,0.05,V
2457195.62275,10.359,0.005,V
2457196.20821,10.752,0.028,V
2457196.2345,10.77,0.02,V
2457196.50480,10.888,0.010,V
2457196.50564,10.889,0.008,V
2457196.50645,10.891,0.005,V
2457196.50645,10.891,0.005,V
2457196.50724,10.890,0.007,V
2457197.20290,10.975,0.037,V
2457198.20139,11.053,0.028,V
2457198.61932,11.087,0.017,V
2457199.61927,11.199,0.002,V
2457199.62917,10.3,0.3,CV
2457200.61930,11.526,0.009,V
2457201.05389,11.737,0.020,V
2457201.19476,11.602,0.041,V
2457201.75520,11.931,0.024,V
2457202.20246,12.041,0.049,V
2457202.50609,11.917,0.012,V
2457202.50695,11.920,0.014,V
2457202.50695,11.920,0.014,V
2457202.50781,11.921,0.018,V
2457202.50866,11.919,0.018,V
2457202.50953,11.918,0.011,V
2457206.68478,12.66,0.04,V
2457209.45050,12.556,0.016,V
2457209.45171,12.562,0.015,V
2457209.45172,12.555,0.034,V
2457209.45294,12.549,0.014,V
2457211.02190,12.477,0.032,V
2457211.071076,12.57,0.012,V
2457215.15946,12.298,0.073,V
2457218.14852,12.142,0.039,V
2457219.14845,12.070,0.047,V
2457221.97348,11.257,0.028,V
2457222.42655,11.401,0.006,V
2457222.43103,11.399,0.006,V
2457222.43307,11.400,0.007,V
2457222.43325,11.402,0.035,V
2457222.43563,11.402,0.008,V
2457222.43998,11.399,0.006,V
2457222.93725,11.374,0.014,V
2457223.242928,11.38,0.02,V
2457223.50134,11.320,0.008,V
2457223.50257,11.331,0.009,V
2457223.50376,11.320,0.012,V
2457223.50376,11.323,0.014,V
2457223.50498,11.337,0.006,V
2457223.50617,11.307,0.011,V
2457223.863611,11.05,0.02,V
2457223.89378,11.033,0.012,V
2457224.43992,10.726,0.017,V
2457225.96455,10.887,0.011,V
2457226.234306,10.86,0.03,V
2457227.46039,10.936,0.001,V
2457227.46124,10.935,0.014,V
2457227.46162,10.935,0.013,V
2457227.46203,10.937,0.018,V
2457227.46281,10.933,0.003,V
2457231.37762,10.390,0.008,V
2457231.37868,10.388,0.005,V
2457231.37942,10.390,0.010,V
2457231.37975,10.389,0.008,V
2457231.38087,10.392,0.002,V
2457231.90469,10.687,0.011,V
2457234.98333,9.707,0.014,V
2457235.01830,10.255,0.050,V
2457236.47791,9.627,0.008,CV
2457236.47803,9.486,0.007,CV
2457236.47812,9.542,0.007,CV
2457236.47818,9.570,0.008,CV
2457236.47825,9.534,0.008,CV
2457237.10104,10.177,0.024,V
2457238.43928,10.179,0.014,V
2457238.44010,10.182,0.012,V
2457238.44077,10.181,0.013,V
2457238.44078,10.180,0.011,V
2457238.44150,10.181,0.011,V
2457238.44219,10.183,0.014,V
2457240.99543,10.125,0.044,V
2457241.39870,9.929,0.006,V
2457241.39949,9.932,0.010,V
2457241.39998,9.930,0.061,V
2457241.40016,9.934,0.008,V
2457241.40087,9.930,0.011,V
2457242.43262,9.403,0.007,V
2457242.43330,9.399,0.005,V
2457242.43397,9.403,0.016,V
2457242.43399,9.401,0.004,V
2457242.43468,9.398,0.009,V
2457242.43535,9.402,0.009,V
2457244.40931,9.585,0.009,V
2457244.41028,9.586,0.013,V
2457244.41084,9.583,0.016,V
2457244.41108,9.584,0.008,V
2457244.41187,9.587,0.024,V
2457244.904693,9.759,0.012,V
2457244.905561,9.747,0.012,V
2457244.906406,9.763,0.012,V
2457244.907031,9.745,0.012,V
2457244.907668,9.767,0.012,V
2457246.06706,9.863,0.014,V
2457248.40874,9.980,0.005,V
2457248.40965,9.979,0.006,V
2457248.41046,9.981,0.006,V
2457248.41125,9.982,0.007,V
2457249.05805,9.813,0.011,V
2457252.44284,9.885,0.013,V
2457252.44386,9.880,0.016,V
2457252.44426,9.869,0.059,V
2457252.44485,9.878,0.014,V
2457252.98133,9.847,0.007,V
2457253.34384,9.772,0.007,V
2457253.34457,9.767,0.006,V
2457253.34511,9.767,0.008,V
2457253.34529,9.766,0.007,V
2457253.34604,9.770,0.005,V
2457254.34616,9.665,0.007,V
2457254.34725,9.668,0.012,V
2457254.34829,9.669,0.011,V
2457254.34834,9.666,0.016,V
2457254.34931,9.666,0.010,V
2457254.35071,9.670,0.011,V
2457254.851458,9.679,0.004,V
2457254.852303,9.674,0.004,V
2457254.85316,9.682,0.004,V
2457254.854016,9.674,0.004,V
2457254.854861,9.676,0.004,V
2457254.856817,9.676,0.004,V
2457254.857662,9.684,0.004,V
2457254.858519,9.676,0.004,V
2457254.859363,9.669,0.004,V
2457254.86022,9.654,0.004,V
2457254.89617,9.712,0.004,V
2457256.09335,9.559,0.006,V
2457259.03998,9.462,0.007,V
2457259.33465,9.546,0.009,V
2457259.33576,9.547,0.011,V
2457259.33662,9.546,0.010,V
2457259.33682,9.552,0.010,V
2457259.33785,9.539,0.013,V
2457262.03382,9.489,0.007,V
2457262.40003,9.274,0.026,V
2457263.33675,9.368,0.017,V
2457263.33824,9.372,0.015,V
2457263.33909,9.374,0.016,V
2457263.33917,9.375,0.030,V
2457263.33992,9.382,0.014,V
2457263.34075,9.376,0.012,V
2457264.32774,9.295,0.021,V
2457264.32882,9.288,0.022,V
2457264.32972,9.293,0.020,V
2457264.32987,9.292,0.020,V
2457264.33099,9.301,0.017,V
2457265.962685,9.208,0.004,V
2457265.964317,9.213,0.004,V
2457265.965949,9.207,0.003,V
2457265.967593,9.212,0.004,V
2457265.969225,9.214,0.004,V
2457265.970868,9.219,0.003,V
2457265.9725,9.214,0.003,V
2457265.974132,9.209,0.004,V
2457265.975764,9.221,0.004,V
2457265.977407,9.181,0.008,V
2457267.02104,9.165,0.005,V
2457267.34636,9.153,0.014,V
2457267.34747,9.154,0.013,V
2457267.34854,9.148,0.011,V
2457267.34923,9.149,0.018,V
2457267.34962,9.145,0.013,V
2457267.35065,9.147,0.016,V
2457267.35169,9.152,0.012,V
2457269.00791,8.978,0.006,V
2457270.33682,9.150,0.012,V
2457270.33786,9.152,0.012,V
2457270.33888,9.147,0.012,V
2457270.33903,9.148,0.014,V
2457270.34027,9.146,0.010,V
2457270.34132,9.148,0.013,V
2457270.90128,9.139,0.004,V
2457272.15119,9.187,0.007,V
2457273.02867,9.184,0.006,V
2457273.97478,9.155,0.030,V
2457274.00516,9.153,0.006,V
2457274.32198,9.174,0.020,V
2457274.32305,9.175,0.016,V
2457274.32372,9.172,0.027,V
2457274.32406,9.172,0.016,V
2457274.32511,9.168,0.019,V
2457274.99865,9.180,0.007,V
2457275.90643,9.133,0.006,V
2457276.38240,9.082,0.070,V
2457277.92672,9.139,0.006,V
2457277.95563,8.795,0.015,V
2457277.95602,8.735,0.016,V
2457277.95641,8.802,0.014,V
2457277.95797,8.797,0.015,V
2457277.95836,8.789,0.015,V
2457277.95875,8.785,0.015,V
2457277.95915,8.777,0.015,V
2457277.95954,8.820,0.014,V
2457277.95993,8.812,0.014,V
2457277.96032,8.741,0.016,V
2457277.96071,8.833,0.014,V
2457277.96110,8.809,0.015,V
2457277.96149,8.800,0.015,V
2457277.96189,8.786,0.015,V
2457277.96229,8.826,0.014,V
2457277.96268,8.818,0.014,V
2457277.96307,8.730,0.015,V
2457277.96347,8.798,0.014,V
2457277.96386,8.805,0.014,V
2457277.96425,8.810,0.014,V
2457277.96465,8.801,0.015,V
2457277.96504,8.780,0.016,V
2457277.96543,8.765,0.016,V
2457277.96582,8.772,0.015,V
2457277.96622,8.806,0.014,V
2457277.96660,8.803,0.014,V
2457277.96699,8.765,0.016,V
2457277.96739,8.806,0.015,V
2457277.96778,8.815,0.013,V
2457277.96818,8.769,0.014,V
2457277.96857,8.778,0.014,V
2457277.96895,8.902,0.013,V
2457277.96934,8.824,0.014,V
2457277.96973,8.822,0.014,V
2457277.97012,8.795,0.014,V
2457277.97050,8.780,0.014,V
2457277.97089,8.761,0.014,V
2457277.97128,8.775,0.014,V
2457277.97167,8.794,0.014,V
2457277.97205,8.834,0.013,V
2457277.97244,8.818,0.014,V
2457277.97284,8.820,0.015,V
2457277.97323,8.794,0.015,V
2457277.97362,8.799,0.015,V
2457277.97401,8.762,0.015,V
2457277.97440,8.815,0.014,V
2457277.97479,8.781,0.015,V
2457277.97518,8.788,0.014,V
2457277.97559,8.814,0.014,V
2457277.97598,8.810,0.014,V
2457277.97637,8.785,0.014,V
2457277.97677,8.790,0.015,V
2457277.97716,8.775,0.015,V
2457277.97756,8.818,0.014,V
2457277.97795,8.802,0.014,V
2457277.97834,8.797,0.014,V
2457277.97873,8.784,0.015,V
2457277.97912,8.783,0.015,V
2457277.97952,8.740,0.015,V
2457277.97991,8.817,0.014,V
2457277.98031,8.816,0.014,V
2457277.98070,8.803,0.015,V
2457277.98110,8.786,0.014,V
2457277.98149,8.780,0.015,V
2457277.98188,8.755,0.015,V
2457277.98228,8.813,0.014,V
2457277.98270,8.759,0.015,V
2457277.98310,8.756,0.015,V
2457277.98350,8.767,0.015,V
2457277.98391,8.775,0.015,V
2457277.98432,8.805,0.014,V
2457277.98473,8.767,0.014,V
2457277.98513,8.770,0.015,V
2457277.98554,8.784,0.015,V
2457277.98594,8.795,0.015,V
2457277.98634,8.751,0.015,V
2457277.98674,8.766,0.015,V
2457277.98714,8.808,0.014,V
2457277.98756,8.777,0.015,V
2457277.98797,8.756,0.016,V
2457277.98838,8.740,0.015,V
2457277.98878,8.793,0.014,V
2457277.98918,8.753,0.015,V
2457277.98957,8.755,0.015,V
2457277.98996,8.769,0.015,V
2457277.99035,8.776,0.015,V
2457277.99074,8.770,0.015,V
2457277.99113,8.748,0.019,V
2457277.99152,8.779,0.015,V
2457277.99191,8.794,0.015,V
2457277.99230,8.750,0.015,V
2457277.99269,8.743,0.016,V
2457277.99308,8.749,0.019,V
2457277.99348,8.774,0.015,V
2457277.99387,8.760,0.015,V
2457277.99426,8.701,0.016,V
2457277.99466,8.734,0.016,V
2457277.99505,8.769,0.019,V
2457277.99544,8.745,0.016,V
2457277.99584,8.771,0.018,V
2457277.99623,8.792,0.018,V
2457277.99701,8.740,0.016,V
2457277.99742,8.781,0.018,V
2457278.92051,9.131,0.006,V
2457279.92631,9.167,0.006,V
2457280.31887,9.133,0.015,V
2457280.32017,9.126,0.019,V
2457280.32109,9.130,0.016,V
2457280.32137,9.130,0.015,V
2457280.32247,9.128,0.010,V
2457280.97471,9.198,0.006,V
2457281.98960,9.191,0.007,V
2457282.98150,9.174,0.006,V
2457283.30618,9.097,0.012,V
2457283.30730,9.095,0.006,V
2457283.30837,9.097,0.013,V
2457283.30839,9.101,0.007,V
2457283.30946,9.099,0.009,V
2457283.31053,9.096,0.011,V
2457284.89408,9.148,0.005,V
2457285.10110,9.169,0.007,V
2457285.99359,9.074,0.016,V
2457286.01299,9.161,0.006,V
2457286.30368,9.113,0.008,V
2457286.30445,9.116,0.009,V
2457286.30516,9.116,0.009,V
2457286.30517,9.113,0.009,V
2457286.30591,9.117,0.010,V
2457286.30660,9.119,0.011,V
2457287.00238,9.143,0.006,V
2457288.93017,9.114,0.005,V
2457288.97988,9.120,0.005,V
2457290.00528,9.123,0.005,V
2457290.97427,9.117,0.007,V
2457291.30343,9.109,0.016,V
2457291.30419,9.111,0.011,V
2457291.30436,9.111,0.018,V
2457291.30491,9.113,0.013,V
2457291.99547,9.130,0.009,V
2457292.98667,9.124,0.009,V
2457294.30932,9.055,0.023,V
2457294.31006,9.064,0.020,V
2457294.31076,9.063,0.019,V
2457294.31109,9.059,0.020,V
2457294.31145,9.058,0.016,V
2457294.31213,9.056,0.022,V
2457294.31283,9.061,0.015,V
2457296.00557,9.120,0.009,V
2457297.29647,9.032,0.009,V
2457297.29689,9.027,0.009,V
2457297.29723,9.025,0.015,V
2457297.29726,9.029,0.009,V
2457297.29759,9.031,0.009,V
2457297.29795,9.026,0.009,V
2457297.33992,9.029,0.009,V
2457300.95216,9.078,0.031,V
2457302.07127,9.090,0.006,V
2457302.28720,9.006,0.005,V
2457302.28794,9.013,0.005,V
2457302.28866,9.013,0.008,V
2457302.28867,9.014,0.003,V
2457302.28940,9.008,0.003,V
2457302.29011,9.015,0.005,V
2457304.00116,9.073,0.007,V
2457305.02066,9.104,0.006,V
2457305.32675,8.849,0.086,V
2457306.01885,9.112,0.006,V
2457307.00725,9.116,0.007,V
2457309.29278,9.045,0.099,V
2457314.92561,9.078,0.004,V
2457316.01831,9.124,0.006,V
2457316.73748,9.111,0.005,V
2457317.03271,9.117,0.007,V
2457318.74066,9.096,0.007,V
2457323.94213,9.087,0.004,V
2457331.70940,9.083,0.008,V
2457331.855092,9.180,0.033,V
2457333.89406,8.948,0.003,V
2457334.870351,9.146,0.075,V
2457334.89981,8.955,0.002,V
2457334.926395,9.059,0.002,V
2457334.927008,9.048,0.002,V
2457334.927610,9.070,0.002,V
2457334.928189,9.053,0.002,V
2457334.928721,9.068,0.002,V
2457334.929323,9.086,0.002,V
2457334.929971,9.072,0.002,V
2457334.930619,9.070,0.002,V
2457334.932425,9.067,0.002,V
2457334.933004,9.079,0.002,V
2457334.933559,9.078,0.002,V
2457334.934242,9.047,0.002,V
2457334.934879,9.082,0.002,V
2457334.935596,9.062,0.002,V
2457334.936117,9.073,0.002,V
2457334.937402,9.087,0.002,V
2457334.938061,9.074,0.002,V
2457334.938698,9.056,0.002,V
2457334.939300,9.071,0.002,V
2457334.939925,9.066,0.002,V
2457334.940527,9.077,0.002,V
2457334.941383,9.080,0.002,V
2457334.942031,9.062,0.002,V
2457334.942587,9.056,0.002,V
2457334.943200,9.056,0.002,V
2457334.943848,9.074,0.002,V
2457334.944450,9.062,0.002,V
2457334.945133,9.096,0.002,V
2457334.94566,8.933,0.076,V
2457334.945758,9.047,0.002,V
2457334.946418,9.076,0.002,V
2457334.947054,9.068,0.002,V
2457334.947633,9.064,0.002,V
2457334.948258,9.079,0.002,V
2457334.948883,9.087,0.002,V
2457334.949531,9.095,0.002,V
2457334.950295,9.073,0.002,V
2457334.950897,9.053,0.002,V
2457334.951487,9.078,0.002,V
2457334.952066,9.057,0.002,V
2457334.952749,9.094,0.002,V
2457334.953374,9.059,0.002,V
2457334.953964,9.059,0.002,V
2457334.954578,9.065,0.002,V
2457334.955179,9.062,0.002,V
2457334.955932,9.076,0.002,V
2457334.956545,9.095,0.002,V
2457334.957228,9.072,0.002,V
2457334.957888,9.077,0.002,V
2457334.958536,9.096,0.002,V
2457334.959219,9.094,0.002,V
2457334.959867,9.052,0.002,V
2457334.960446,9.067,0.002,V
2457334.961117,9.068,0.002,V
2457334.961777,9.075,0.003,V
2457334.962390,9.088,0.002,V
2457334.962980,9.053,0.003,V
2457334.963513,9.061,0.002,V
2457334.964207,9.046,0.002,V
2457334.964798,9.070,0.002,V
2457334.965469,9.078,0.003,V
2457334.966186,9.100,0.003,V
2457334.966915,9.101,0.002,V
2457334.967529,9.090,0.002,V
2457334.968212,9.089,0.003,V
2457334.968779,9.082,0.002,V
2457334.969392,9.114,0.002,V
2457334.970052,9.066,0.002,V
2457334.970689,9.065,0.002,V
2457334.971325,9.069,0.002,V
2457334.971858,9.071,0.002,V
2457334.972460,9.042,0.003,V
2457334.973027,9.079,0.003,V
2457334.973721,9.055,0.003,V
2457334.974381,9.096,0.003,V
2457334.974971,9.070,0.003,V
2457334.975585,9.118,0.003,V
2457334.976244,9.160,0.003,V
2457334.976892,9.124,0.003,V
2457334.977552,9.064,0.003,V
2457334.978131,9.105,0.003,V
2457334.978767,9.021,0.003,V
2457334.979381,9.095,0.003,V
2457334.979983,8.965,0.003,V
2457334.980654,9.081,0.003,V
2457334.981314,9.022,0.003,V
2457334.981858,9.085,0.003,V
2457334.982529,9.099,0.004,V
2457334.983177,9.013,0.004,V
2457334.983825,9.097,0.004,V
2457334.984450,9.012,0.004,V
2457334.985017,9.135,0.004,V
2457334.985642,9.111,0.004,V
2457334.986325,9.050,0.003,V
2457334.987043,9.038,0.003,V
2457334.987645,9.065,0.003,V
2457334.988385,9.035,0.003,V
2457334.988918,9.051,0.003,V
2457335.91163,8.914,0.003,V
2457336.924983,9.060,0.002,V
2457336.925492,9.068,0.002,V
2457336.926082,9.061,0.002,V
2457336.926649,9.067,0.002,V
2457336.927274,9.055,0.002,V
2457336.927957,9.055,0.002,V
2457336.928524,9.062,0.002,V
2457336.929080,9.069,0.002,V
2457336.929786,9.053,0.002,V
2457336.930388,9.042,0.002,V
2457336.931082,9.055,0.002,V
2457336.931707,9.057,0.002,V
2457336.932297,9.058,0.002,V
2457336.932899,9.041,0.002,V
2457336.933548,9.050,0.002,V
2457336.934172,9.032,0.002,V
2457336.934786,9.069,0.002,V
2457336.935399,9.063,0.002,V
2457336.936152,9.050,0.002,V
2457336.936730,9.059,0.002,V
2457336.937286,9.061,0.002,V
2457336.937946,9.060,0.002,V
2457336.938605,9.041,0.002,V
2457336.939323,9.051,0.002,V
2457336.939879,9.057,0.002,V
2457336.940527,9.056,0.002,V
2457336.941140,9.053,0.002,V
2457336.941835,9.029,0.002,V
2457336.942448,9.059,0.002,V
2457336.943073,9.049,0.002,V
2457336.943733,9.046,0.002,V
2457336.944277,9.053,0.002,V
2457336.94481,9.036,0.006,V
2457337.90486,8.932,0.003,V
2457338.923490,9.080,0.002,V
2457338.924115,9.082,0.002,V
2457338.924705,9.077,0.002,V
2457338.925330,9.089,0.002,V
2457338.925932,9.072,0.002,V
2457338.926522,9.084,0.002,V
2457338.927170,9.069,0.002,V
2457338.927784,9.069,0.002,V
2457338.928420,9.095,0.002,V
2457338.928999,9.070,0.002,V
2457338.929566,9.091,0.002,V
2457338.930098,9.092,0.002,V
2457338.930631,9.079,0.002,V
2457338.931209,9.077,0.002,V
2457338.931777,9.079,0.002,V
2457338.932402,9.076,0.002,V
2457338.932911,9.070,0.002,V
2457338.933582,9.066,0.002,V
2457338.934219,9.081,0.002,V
2457338.934809,9.079,0.002,V
2457338.935469,9.086,0.002,V
2457338.936128,9.087,0.002,V
2457338.936777,9.066,0.002,V
2457338.937448,9.097,0.002,V
2457338.938015,9.086,0.002,V
2457338.938571,9.112,0.002,V
2457338.939196,9.080,0.002,V
2457338.939948,9.087,0.002,V
2457338.940573,9.057,0.002,V
2457338.941140,9.098,0.002,V
2457338.941754,9.093,0.002,V
2457338.942367,9.034,0.002,V
2457338.943084,9.087,0.002,V
2457338.943675,9.094,0.002,V
2457338.944392,9.091,0.002,V
2457338.945017,9.062,0.002,V
2457338.945631,9.080,0.002,V
2457338.946198,9.061,0.002,V
2457338.946707,9.081,0.002,V
2457338.947332,9.059,0.002,V
2457338.947911,9.085,0.002,V
2457338.948582,9.076,0.002,V
2457338.949196,9.086,0.002,V
2457338.949971,9.100,0.002,V
2457338.950666,9.088,0.002,V
2457338.951221,9.061,0.002,V
2457338.951800,9.075,0.002,V
2457338.952355,9.081,0.002,V
2457338.952969,9.074,0.002,V
2457338.953571,9.047,0.002,V
2457338.954161,9.105,0.002,V
2457338.954763,9.108,0.002,V
2457338.955411,9.091,0.002,V
2457338.955990,9.074,0.002,V
2457338.95636,9.053,0.009,V
2457338.956568,9.069,0.002,V
2457338.957043,9.055,0.002,V
2457338.957621,9.104,0.002,V
2457338.958154,9.081,0.002,V
2457338.958756,9.106,0.002,V
2457338.959416,9.062,0.002,V
2457338.959960,9.078,0.002,V
2457338.960538,9.082,0.002,V
2457338.961128,9.069,0.002,V
2457338.961696,9.079,0.002,V
2457338.962309,9.097,0.002,V
2457338.962923,9.091,0.002,V
2457338.963524,9.089,0.002,V
2457338.964103,9.060,0.002,V
2457338.964682,9.116,0.002,V
2457338.965272,9.099,0.002,V
2457338.965828,9.093,0.002,V
2457338.966360,9.094,0.002,V
2457338.966915,9.091,0.002,V
2457338.967529,9.073,0.002,V
2457338.968108,9.112,0.002,V
2457338.968710,9.077,0.002,V
2457338.969254,9.100,0.002,V
2457338.969832,9.050,0.002,V
2457338.970422,9.102,0.002,V
2457338.971036,9.138,0.002,V
2457338.971673,9.098,0.002,V
2457338.972251,9.149,0.004,V
2457338.972934,9.095,0.002,V
2457338.973478,9.085,0.002,V
2457338.974091,9.105,0.002,V
2457338.974751,9.114,0.002,V
2457341.934416,9.069,0.002,V
2457341.934902,9.058,0.002,V
2457341.935353,9.073,0.002,V
2457341.935851,9.057,0.002,V
2457341.936314,9.066,0.002,V
2457341.936788,9.080,0.002,V
2457341.937286,9.080,0.002,V
2457341.937726,9.088,0.002,V
2457341.93818,9.076,0.018,V
2457341.938328,9.070,0.002,V
2457341.938814,9.065,0.002,V
2457341.939254,9.089,0.002,V
2457341.939693,9.061,0.002,V
2457341.940179,9.067,0.002,V
2457341.940631,9.101,0.002,V
2457341.941186,9.063,0.002,V
2457341.941649,9.090,0.002,V
2457341.942089,9.054,0.002,V
2457341.942517,9.078,0.002,V
2457341.943015,9.064,0.002,V
2457432.96246,9.524,0.005,V
2457448.22305,9.585,0.007,V
2457456.20053,9.661,0.005,V
2457467.16588,9.741,0.015,V
2457468.17128,9.707,0.005,V
2457469.16369,9.708,0.006,V
2457469.92069,9.478,0.027,V
2457470.17129,9.746,0.005,V
2457481.14440,9.785,0.010,V
2457482.12440,9.796,0.007,V
2457483.12421,9.947,0.014,V
2457486.91662,9.827,0.034,V
2457487.13161,9.813,0.009,V
2457490.90007,9.764,0.022,V
2457498.09197,9.923,0.009,V
2457502.08151,9.910,0.007,V
2457503.07352,9.927,0.015,V
2457504.06364,9.939,0.008,V
2457505.06755,9.964,0.011,V
2457514.03560,9.983,0.009,V
2457515.03642,9.979,0.007,V
2457519.37020,10.074,0.012,V
2457520.31753,10.064,0.013,V
2457522.12500,10.004,0.005,V
2457523.01144,10.018,0.008,V
2457535.98685,10.101,0.009,V
2457538.99320,10.105,0.026,V
2457539.96865,10.222,0.011,V
2457540.87428,9.992,0.013,V
2457540.96551,10.141,0.009,V
2457541.26209,10.185,0.011,V
2457541.97036,10.140,0.008,V
2457542.26015,10.176,0.010,V
2457551.96420,10.161,0.007,V
2457554.22954,10.232,0.009,V
2457557.21978,10.245,0.010,V
2457558.21846,10.262,0.011,V
2457565.02077,10.218,0.012,V
2457567.02656,10.219,0.007,V
2457570.18526,10.319,0.009,V
2457571.18496,10.309,0.009,V
2457572.17996,10.311,0.010,V
2457573.17877,10.309,0.008,V
2457589.85640,10.328,0.012,V
2457595.12130,10.404,0.010,V
2457596.11994,10.408,0.009,V
2457599.03137,10.391,0.010,V
2457601.19358,10.435,0.010,V
2457603.10028,10.447,0.009,V
2457603.89192,10.382,0.008,V
2457604.90697,10.394,0.008,V
2457605.09728,10.433,0.023,V
2457607.92569,10.310,0.009,V
2457607.92617,10.306,0.009,V
2457608.88020,10.430,0.008,V
2457613.07677,10.508,0.021,V
2457614.12714,10.505,0.012,V
2457617.87810,10.521,0.017,V
2457623.12159,10.546,0.011,V
2457624.11147,10.533,0.011,V
2457625.04364,10.542,0.010,V
2457631.91851,10.497,0.009,V
2457632.07832,10.586,0.012,V
2457633.02540,10.576,0.011,V
2457637.06866,10.630,0.012,V
2457640.07573,10.615,0.012,V
2457642.04881,10.619,0.013,V
2457645.07340,10.685,0.015,V
2457646.07889,10.655,0.016,V
2457648.11218,10.672,0.015,V
2457649.08668,10.667,0.012,V
2457653.06576,10.675,0.012,V
2457661.07745,10.705,0.011,V
2457666.11925,10.753,0.014,V
2457667.92192,10.657,0.010,V
2457669.93532,10.670,0.012,V
2457672.03163,10.745,0.013,V
2457673.04853,10.767,0.013,V
2457673.93411,10.692,0.012,V
2457675.05442,10.803,0.016,V
2457675.91770,10.721,0.034,V
2457679.04860,10.783,0.015,V
2457681.92357,10.722,0.009,V
2457685.92314,10.736,0.012,V
2457688.92431,10.746,0.012,V
2457695.94561,10.808,0.012,V
2457708.95310,10.865,0.017,V
2457711.93550,10.908,0.020,V
2457903.83459,11.459,0.006,V
2458169.54,12.15,0.10,V
2458195.54,12.20,0.10,V
2458200.63,12.20,0.10,V
2458220.67,12.20,0.10,V
2458228.62,12.28,0.10,V
2458235.64,12.28,0.10,V
2458247.68,12.33,0.10,V
2458252.56,12.35,0.10,V
2458261.63,12.38,0.10,V
2458283.48,12.45,0.10,V
2458289.56,12.43,0.10,V
2458302.47,12.51,0.10,V
2458305.44,12.51,0.10,V
2458306.60,12.51,0.10,V
2458309.40,12.51,0.10,V
2458321.44,12.51,0.10,V
2458330.33,12.52,0.10,V
2458338.41,12.57,0.10,V
2458339.46,12.58,0.10,V
2458346.44,12.57,0.10,V
2458359.40,12.62,0.10,V
2458360.43,12.65,0.10,V
2458371.42,12.65,0.10,V
2458383.39,12.70,0.10,V
2458395.26,12.78,0.10,V
2458400.22,12.78,0.10,V
2458406.33,12.74,0.10,V
2458413.23,12.77,0.15,V
2458425.30,12.85,0.15,V
2458539.63,13.03,0.20,V
2458548.62,13.08,0.20,V
2458572.63,13.13,0.15,V
2458584.64,13.14,0.15,V
2458600.49,13.16,0.15,V
2458605.55,13.15,0.15,V
2458613.58,13.16,0.15,V
2458614.65,13.18,0.15,V
2458624.40,13.15,0.15,V
2458626.64,13.25,0.15,V
2458628.52,13.16,0.15,V
2458637.45,13.19,0.15,V
2458645.47,13.24,0.15,V
2458648.63,13.20,0.15,V
2458658.43,13.29,0.15,V
2458661.45,13.26,0.15,V
2458667.40,13.26,0.15,V
2458674.40,13.31,0.15,V
2458678.41,13.30,0.15,V
2458690.36,13.24,0.15,V
2458697.36,13.29,0.15,V
2458704.42,13.29,0.15,V
2458708.35,13.31,0.15,V
2458715.25,13.36,0.15,V
2458716.40,13.28,0.15,V
2458719.25,13.39,0.15,V
2458725.35,13.35,0.15,V
2458726.38,13.35,0.15,V
2458727.34,13.34,0.15,V
2458728.39,13.37,0.15,V
2458729.26,13.35,0.15,V
2458730.34,13.36,0.15,V
2458730.40,13.34,0.15,V
2458732.29,13.33,0.15,V
2458733.26,13.36,0.15,V
2458736.20,13.31,0.15,V
2458739.30,13.31,0.15,V
2458742.27,13.36,0.15,V
2458743.29,13.42,0.15,V
2458744.29,13.34,0.15,V
2458750.34,13.37,0.15,V
2458753.33,13.40,0.15,V
2458760.28,13.40,0.15,V
2458761.26,13.38,0.15,V
2458765.32,13.36,0.15,V
2458770.32,13.35,0.15,V
2458772.22,13.48,0.15,V
2458773.31,13.39,0.15,V
2458775.29,13.50,0.15,V
2458784.26,13.54,0.15,V
2458786.30,13.39,0.15,V
2458792.28,13.41,0.15,V
2458801.28,13.59,0.20,V
2458807.26,13.51,0.20,V
2458808.26,13.47,0.20,V
2458813.27,13.60,0.20,V
2459381.27722,13.958,0.032,CV
2459381.27903,14.174,0.022,CV
2459402.19953,14.200,0.027,CV
2459402.20136,14.207,0.022,CV
2459459.07504,14.283,0.019,CV
2459459.07689,14.316,0.021,CV
2459465.05465,14.392,0.020,CV
2459465.05649,14.434,0.022,CV
2459466.05442,14.304,0.020,CV
2459466.05629,14.437,0.023,CV
2459468.07463,14.371,0.020,CV
2459468.07652,14.491,0.023,CV
