2458200.024275,6.9,0.1,V
2458201.57480,6.516,0.005,CV
2458201.68487,6.417,0.005,CV
2458201.94385,6.312,0.028,V
2458202.03286,6.484,,V
2458202.14583,6.4,,V
2458202.67204,6.413,0.005,CV
2458202.69006,6.322,0.005,CV
2458202.93839,6.197,0.050,V
2458203.55539,6.492,0.005,CV
2458203.57136,6.484,0.005,CV
2458203.58699,6.501,0.005,CV
2458203.60261,6.438,0.005,CV
2458203.61824,6.401,0.005,CV
2458203.63421,6.367,0.005,CV
2458203.93975,5.918,0.015,V
2458204.01000,6.986,0.039,V
2458204.45506,5.939,0.049,V
2458204.61592,6.076,0.068,V
2458204.62062,5.998,0.030,V
2458205.03999,6.498,0.010,V
2458205.95936,5.864,0.025,V
2458206.94465,6.468,0.029,V
2458207.55370,6.661,0.007,CV
2458207.56933,6.639,0.007,CV
2458207.58495,6.618,0.007,CV
2458207.60092,6.632,0.007,CV
2458207.63218,6.603,0.006,CV
2458207.92197,6.562,0.046,V
2458208.60372,6.565,0.012,CV
2458208.61761,6.533,0.022,CV
2458208.91954,6.563,0.025,V
2458209.93284,6.436,0.057,V
2458210.50574,6.53,,CV
2458210.94463,6.654,0.035,V
2458212.62192,6.790,0.009,V
2458213.49602,6.850,0.008,V
2458213.57243,6.818,0.016,CV
2458213.57982,6.771,0.013,CV
2458213.58920,6.770,0.007,CV
2458213.60205,6.717,0.007,CV
2458214.48053,6.151,0.015,V
2458214.49296,6.160,0.011,V
2458214.51489,6.472,0.005,CV
2458214.52774,6.527,0.005,CV
2458214.54337,6.565,0.005,CV
2458214.56420,6.499,0.008,CV
2458214.57497,6.463,0.005,CV
2458214.59059,6.461,0.005,CV
2458214.60622,6.424,0.005,CV
2458214.62184,6.319,0.005,CV
2458215.51144,6.626,0.007,CV
2458215.52602,6.724,0.010,CV
2458215.59686,6.72,0.012,CV
2458215.60658,6.684,0.005,CV
2458215.62201,6.551,0.005,CV
2458216.03850,6.548,0.050,V
2458216.51665,6.758,0.006,CV
2458216.56388,6.74,0.006,CV
2458216.57950,6.723,0.005,CV
2458216.58853,6.671,0.016,V
2458216.59547,6.688,0.006,CV
2458216.60867,6.644,0.006,CV
2458216.63193,6.488,0.007,CV
2458217.52396,6.69,0.005,CV
2458217.53859,6.662,0.006,CV
2458217.55412,6.698,0.007,CV
2458217.57068,6.671,0.007,CV
2458217.93347,6.367,0.040,V
2458218.57120,6.309,0.006,CV
2458218.58196,6.313,0.004,CV
2458218.59620,6.238,0.005,CV
2458219.50489,6.468,0.005,CV
2458219.52052,6.474,0.005,CV
2458219.53232,6.5,0.008,CV
2458221.47570,6.380,0.013,V
2458222.54347,6.431,0.005,CV
2458222.55840,6.373,0.005,CV
2458222.57402,6.382,0.005,CV
2458222.58652,6.354,0.005,CV
2458223.63680,6.124,0.008,V
2458224.55530,6.408,0.012,CV
2458226.48450,6.542,0.005,CV
2458226.50047,6.564,0.005,CV
2458226.51216,6.334,0.010,V
2458226.51610,6.535,0.005,CV
2458226.53172,6.464,0.005,CV
2458226.54735,6.491,0.005,CV
2458226.56332,6.469,0.005,CV
2458227.4131,6.192,0.000,V
2458227.46285,6.614,0.005,CV
2458227.47847,6.598,0.005,CV
2458227.48854,6.553,0.008,CV
2458227.52639,6.518,0.005,CV
2458228.46320,6.598,0.006,CV
2458228.47883,6.617,0.006,CV
2458228.49445,6.595,0.005,CV
2458228.51008,6.582,0.006,CV
2458228.52605,6.495,0.007,CV
2458228.54167,6.511,0.005,CV
2458229.47363,6.553,0.007,CV
2458229.48926,6.544,0.007,CV
2458229.50488,6.550,0.005,CV
2458229.52051,6.470,0.005,CV
2458229.53613,6.484,0.005,CV
2458229.55211,6.505,0.005,CV
2458230.55976,6.577,0.021,CV
2458231.47725,6.673,0.007,CV
2458231.49114,6.684,0.007,CV
2458231.50052,6.591,0.017,CV
2458231.52760,6.591,0.013,CV
2458231.53663,6.626,0.006,CV
2458231.54809,6.566,0.007,CV
2458232.56950,6.559,0.021,CV
2458232.57020,6.627,0.022,CV
2458233.45910,6.745,0.010,CV
2458233.47056,6.775,0.007,CV
2458233.48039,6.787,0.011,CV
2458233.52889,6.695,0.007,CV
2458234.43308,6.736,0.018,CV
2458234.50936,6.858,0.013,V
2458234.52196,6.739,0.012,CV
2458234.53238,6.725,0.006,CV
2458234.54801,6.697,0.007,CV
2458234.9877,6.847,0.036,V
2458235.0225,6.873,0.034,V
2458235.43065,6.832,0.006,CV
2458235.44663,6.892,0.008,CV
2458235.51329,6.761,0.010,CV
2458235.52649,6.707,0.007,CV
2458237.41887,6.823,0.007,CV
2458237.43485,6.917,0.008,CV
2458237.45083,6.934,0.009,CV
2458237.46680,6.843,0.009,CV
2458238.43485,6.995,0.007,CV
2458238.45083,7.026,0.007,CV
2458238.46680,6.951,0.008,CV
2458238.48277,6.979,0.008,CV
2458238.49874,6.886,0.008,CV
2458238.51957,6.750,0.016,CV
2458238.53555,6.886,0.011,CV
2458238.9622,7.190,0.036,V
2458238.99539,7.191,0.053,V
2458239.51681,6.856,0.035,CV
2458239.53174,6.922,0.010,CV
2458239.54876,6.910,0.017,CV
2458240.43140,7.012,0.008,CV
2458240.44706,7.035,0.010,CV
2458240.48071,6.946,0.013,CV
2458240.51578,6.948,0.013,CV
2458241.00088,7.288,0.054,V
2458243.0370,7.471,0.037,V
2458244.07475,7.468,0.046,V
2458244.98241,7.594,0.048,V
2458245.42801,7.172,0.007,CV
2458245.44398,7.115,0.008,CV
2458245.45995,7.089,0.008,CV
2458245.49259,7.025,0.013,CV
2458245.50752,7.158,0.019,CV
2458246.40962,7.338,0.013,CV
2458246.43161,7.245,0.009,CV
2458246.44369,7.176,0.010,CV
2458248.44184,7.273,0.009,CV
2458248.45721,7.158,0.008,CV
2458248.47329,7.116,0.008,CV
2458248.48638,7.133,0.010,CV
2458248.52770,7.297,0.017,CV
2458248.98600,7.787,0.057,V
2458249.46695,7.329,0.009,CV
2458249.48292,7.327,0.010,CV
2458249.49890,7.326,0.009,CV
2458249.51487,7.306,0.009,CV
2458250.43918,7.513,0.026,CV
2458250.47599,7.377,0.020,CV
2458250.49543,7.319,0.041,CV
2458250.49582,7.972,0.006,V
2458250.51244,7.338,0.012,CV
2458251.9894,8.025,0.030,V
2458255.47250,8.393,0.008,V
2458256.55177,8.482,0.009,V
2458257.40699,7.843,0.011,CV
2458257.42435,7.751,0.010,CV
2458257.43928,7.675,0.010,CV
2458257.46219,7.599,0.020,CV
2458257.47678,7.645,0.016,CV
2458257.48927,7.566,0.010,CV
2458257.96384,8.578,0.044,V
2458259.38653,7.860,0.014,CV
2458259.39903,7.921,0.010,CV
2458259.41501,7.851,0.009,CV
2458259.43098,7.655,0.008,CV
2458259.47889,7.704,0.009,CV
2458260.48366,8.626,0.009,V
2458261.42475,7.494,0.011,CV
2458261.43933,7.491,0.010,CV
2458261.45392,7.391,0.009,CV
2458261.46850,7.349,0.009,CV
2458261.48134,7.537,0.011,CV
2458263.8662,8.772,0.024,V
2458264.54359,8.664,0.009,V
2458265.98258,8.837,0.052,V
2458269.46013,8.887,0.008,V
2458272.93630,9.115,0.040,V
2458276.43850,9.058,0.008,V
2458277.53196,9.227,0.009,V
2458280.8605,9.311,0.025,V
2458280.93528,9.351,0.050,V
2458283.47076,9.490,0.007,V
2458284.50022,9.506,0.007,V
2458286.42659,9.556,0.007,V
2458287.50638,9.571,0.007,V
2458288.48535,9.405,0.007,V
2458290.87604,9.569,0.057,V
2458291.50095,9.664,0.008,V
2458291.9398,9.632,0.028,V
2458295.47777,9.808,0.008,V
2458296.52590,9.808,0.009,V
2458302.8585,9.731,0.026,V
2458320.8819,9.874,0.028,V
2458508.2332,10.577,0.025,V
2458541.1144,10.607,0.025,V
2458558.3810,10.604,0.04,V
2458558.3814,10.614,0.04,V
2458558.3818,10.609,0.04,V
2458558.3821,10.622,0.04,V
2458558.3825,10.613,0.04,V
2458558.3828,10.609,0.04,V
2458558.3832,10.610,0.04,V
2458558.3836,10.611,0.04,V
2458558.3839,10.609,0.04,V
2458558.3843,10.612,0.04,V
2458558.3846,10.604,0.04,V
2458558.3850,10.611,0.04,V
2458558.3854,10.616,0.04,V
2458558.3857,10.605,0.04,V
2458558.3861,10.616,0.04,V
2458558.3865,10.607,0.04,V
2458558.3868,10.616,0.04,V
2458558.3872,10.604,0.04,V
2458558.3876,10.612,0.04,V
2458558.3879,10.605,0.04,V
2458558.3883,10.610,0.04,V
2458558.3886,10.608,0.04,V
2458558.3890,10.609,0.04,V
2458558.3894,10.611,0.04,V
2458558.3897,10.620,0.04,V
2458558.3901,10.613,0.04,V
2458558.3904,10.607,0.04,V
2458558.3908,10.605,0.04,V
2458558.3912,10.629,0.04,V
2458558.3915,10.611,0.04,V
2458558.3919,10.620,0.04,V
2458558.3923,10.614,0.04,V
2458558.3926,10.607,0.04,V
2458558.3930,10.607,0.04,V
2458558.3933,10.606,0.04,V
2458558.3937,10.608,0.04,V
2458558.3941,10.613,0.04,V
2458558.3944,10.602,0.04,V
2458558.3948,10.603,0.04,V
2458558.3952,10.604,0.04,V
2458558.3955,10.613,0.04,V
2458558.3959,10.601,0.04,V
2458558.3962,10.605,0.04,V
2458558.3966,10.612,0.04,V
2458558.3970,10.611,0.04,V
2458558.3973,10.603,0.04,V
2458558.3977,10.614,0.04,V
2458558.3980,10.604,0.04,V
2458558.3984,10.605,0.04,V
2458558.3988,10.603,0.04,V
2458558.3991,10.609,0.04,V
2458558.3995,10.609,0.04,V
2458558.3999,10.602,0.04,V
2458558.4002,10.610,0.04,V
2458558.4006,10.616,0.04,V
2458558.4010,10.605,0.04,V
2458558.4017,10.607,0.04,V
2458558.4020,10.607,0.04,V
2458565.1554,10.688,0.024,V
2458592.1288,10.686,0.023,V
2458618.9907,10.703,0.019,V
2458649.8880,10.764,0.020,V
2458682.8698,10.763,0.026,V
2458888.4540,10.769,0.04,V
2458888.4544,10.775,0.04,V
2458888.4547,10.752,0.04,V
2458888.4551,10.772,0.04,V
2458888.4555,10.770,0.04,V
2458888.4558,10.771,0.04,V
2458888.4562,10.776,0.04,V
2458888.4565,10.777,0.04,V
2458888.4569,10.776,0.04,V
2458888.4573,10.763,0.04,V
2458888.4576,10.768,0.04,V
2458888.4580,10.778,0.04,V
2458888.4583,10.764,0.04,V
2458888.4587,10.760,0.04,V
2458888.4591,10.759,0.04,V
2458888.4594,10.774,0.04,V
2458888.4598,10.761,0.04,V
2458888.4602,10.766,0.04,V
2458888.4605,10.773,0.04,V
2458888.4609,10.781,0.04,V
2458888.4612,10.765,0.04,V
2458888.4616,10.758,0.04,V
2458888.4620,10.786,0.04,V
2458888.4623,10.785,0.04,V
2458888.4627,10.787,0.04,V
2458888.4630,10.779,0.04,V
2458888.4634,10.776,0.04,V
2458888.4638,10.775,0.04,V
2458888.4641,10.773,0.04,V
2458888.4645,10.774,0.04,V
2458888.4648,10.773,0.04,V
2458888.4652,10.774,0.04,V
2458888.4656,10.776,0.04,V
2458888.4659,10.766,0.04,V
2458888.4663,10.757,0.04,V
2458888.4667,10.767,0.04,V
2458888.4670,10.763,0.04,V
2458888.4674,10.766,0.04,V
2458888.4677,10.764,0.04,V
2458888.4681,10.776,0.04,V
2458888.4685,10.777,0.04,V
2458888.4688,10.774,0.04,V
2458888.4692,10.765,0.04,V
2458888.4695,10.767,0.04,V
2458888.4699,10.770,0.04,V
2458888.4703,10.762,0.04,V
2458888.4706,10.770,0.04,V
2458888.4710,10.756,0.04,V
2458888.4714,10.766,0.04,V
2458888.4717,10.753,0.04,V
2458888.4721,10.768,0.04,V
2458888.4724,10.765,0.04,V
2458888.4728,10.773,0.04,V
2458888.4732,10.758,0.04,V
2458888.4735,10.769,0.04,V
2458888.4739,10.761,0.04,V
2458888.4742,10.750,0.04,V
2458888.4746,10.770,0.04,V
2458888.4750,10.764,0.04,V
2458888.4753,10.762,0.04,V
2458888.4757,10.762,0.04,V
2458888.4761,10.767,0.04,V
2458888.4764,10.754,0.04,V
2458888.4768,10.761,0.04,V
2458888.4771,10.755,0.04,V
2458888.4775,10.761,0.04,V
2458888.4779,10.760,0.04,V
2458888.4782,10.760,0.04,V
2458888.4786,10.757,0.04,V
2458888.4789,10.755,0.04,V
2458888.4793,10.758,0.04,V
2458888.4797,10.757,0.04,V
2458888.4800,10.777,0.04,V
2458888.4804,10.768,0.04,V
2458888.4807,10.783,0.04,V
2458888.4811,10.776,0.04,V
2458888.4815,10.766,0.04,V
2458888.4818,10.754,0.04,V
2458888.4822,10.763,0.04,V
2458888.4826,10.770,0.04,V
2458888.4829,10.748,0.04,V
2458888.4833,10.760,0.04,V
2458888.4836,10.770,0.04,V
2458888.4840,10.763,0.04,V
2458888.4844,10.767,0.04,V
2458888.4847,10.774,0.04,V
2458888.4854,10.755,0.04,V
2458888.4858,10.752,0.04,V
2458888.4862,10.760,0.04,V
2458888.4865,10.762,0.04,V
2458888.4869,10.759,0.04,V
2458888.4873,10.759,0.04,V
2458888.4876,10.758,0.04,V
2458888.4880,10.751,0.04,V
2458888.4883,10.763,0.04,V
2458888.4887,10.761,0.04,V
2458888.4891,10.762,0.04,V
2458888.4894,10.768,0.04,V
2458888.4898,10.763,0.04,V
2458888.4901,10.748,0.04,V
2458888.4905,10.759,0.04,V
2458888.4909,10.759,0.04,V
2458888.4912,10.759,0.04,V
2458888.4916,10.756,0.04,V
2458888.4919,10.758,0.04,V
2458888.4923,10.752,0.04,V
2458888.4927,10.750,0.04,V
2458888.4930,10.751,0.04,V
2458888.4934,10.765,0.04,V
2458888.4938,10.763,0.04,V
2458888.4941,10.752,0.04,V
2458888.4945,10.754,0.04,V
2458888.4948,10.759,0.04,V
2458888.4952,10.775,0.04,V
2458888.4956,10.758,0.04,V
2458888.4959,10.761,0.04,V
2458888.4963,10.753,0.04,V
2458888.4966,10.758,0.04,V
2458888.4970,10.760,0.04,V
2458888.4974,10.747,0.04,V
2458888.4977,10.757,0.04,V
2458888.4981,10.754,0.04,V
2458888.4985,10.751,0.04,V
2458888.4988,10.759,0.04,V
2458888.4992,10.766,0.04,V
2458888.4995,10.752,0.04,V
2458888.4999,10.753,0.04,V
2458888.5003,10.767,0.04,V
2458888.5006,10.765,0.04,V
2458888.5010,10.766,0.04,V
2458888.5013,10.770,0.04,V
2458888.5017,10.760,0.04,V
2458888.5021,10.771,0.04,V
2458888.5024,10.754,0.04,V
2458888.5028,10.753,0.04,V
2458888.5032,10.756,0.04,V
2458888.5035,10.754,0.04,V
2458888.5039,10.766,0.04,V
2458888.5042,10.759,0.04,V
2458888.5046,10.764,0.04,V
2458888.5050,10.759,0.04,V
2458888.5053,10.744,0.04,V
2458888.5057,10.760,0.04,V
2458888.5060,10.762,0.04,V
2458888.5064,10.759,0.04,V
2458888.5068,10.739,0.04,V
2458888.5071,10.749,0.04,V
2458888.5075,10.764,0.04,V
2458888.5079,10.752,0.04,V
2458888.5082,10.763,0.04,V
2458888.5086,10.758,0.04,V
2458888.5089,10.753,0.04,V
2458888.5093,10.751,0.04,V
2458888.5097,10.756,0.04,V
2458888.5100,10.751,0.04,V
2458922.1088,10.712,0.022,V
2458945.1305,10.638,0.021,V
2458975.1962,10.507,0.04,V
2458975.1965,10.521,0.04,V
2458975.1969,10.503,0.04,V
2458975.1973,10.509,0.04,V
2458975.1976,10.513,0.04,V
2458975.1980,10.515,0.04,V
2458975.1983,10.513,0.04,V
2458975.1987,10.515,0.04,V
2458975.1991,10.512,0.04,V
2458975.1994,10.508,0.04,V
2458975.1998,10.510,0.04,V
2458975.2002,10.518,0.04,V
2458975.2005,10.524,0.04,V
2458975.2009,10.518,0.04,V
2458975.2013,10.520,0.04,V
2458975.2016,10.513,0.04,V
2458975.2020,10.524,0.04,V
2458975.2023,10.516,0.04,V
2458975.2027,10.517,0.04,V
2458975.2031,10.517,0.04,V
2458975.2034,10.520,0.04,V
2458975.2038,10.525,0.04,V
2458975.2042,10.515,0.04,V
2458975.2045,10.519,0.04,V
2458975.2049,10.510,0.04,V
2458975.2052,10.517,0.04,V
2458975.2056,10.516,0.04,V
2458975.2060,10.518,0.04,V
2458975.2063,10.516,0.04,V
2458975.2067,10.512,0.04,V
2458975.2071,10.507,0.04,V
2458975.2074,10.505,0.04,V
2458975.2078,10.507,0.04,V
2458975.2081,10.520,0.04,V
2458975.2085,10.518,0.04,V
2458975.2089,10.511,0.04,V
2458975.2092,10.519,0.04,V
2458975.2096,10.513,0.04,V
2458975.2100,10.514,0.04,V
2458975.2103,10.516,0.04,V
2458975.2107,10.517,0.04,V
2458975.2110,10.511,0.04,V
2458975.2114,10.514,0.04,V
2458975.2118,10.507,0.04,V
2458975.2121,10.513,0.04,V
2458975.2125,10.518,0.04,V
2458975.2129,10.517,0.04,V
2458975.2132,10.521,0.04,V
2458975.2136,10.523,0.04,V
2458975.2139,10.518,0.04,V
2458975.2143,10.522,0.04,V
2458975.2147,10.512,0.04,V
2458975.2150,10.515,0.04,V
2458975.2154,10.510,0.04,V
2458975.2157,10.513,0.04,V
2458975.2161,10.509,0.04,V
2458975.2165,10.511,0.04,V
2458975.2168,10.521,0.04,V
2458975.2172,10.513,0.04,V
2458975.2176,10.507,0.04,V
2458975.2179,10.509,0.04,V
2458975.2183,10.517,0.04,V
2458975.2186,10.508,0.04,V
2458975.2190,10.513,0.04,V
2458975.2194,10.511,0.04,V
2458975.2197,10.506,0.04,V
2458975.2201,10.499,0.04,V
2458975.2204,10.511,0.04,V
2458975.2208,10.506,0.04,V
2458975.2212,10.501,0.04,V
2458975.2215,10.510,0.04,V
2458975.2219,10.505,0.04,V
2458975.2223,10.517,0.04,V
2458975.2226,10.515,0.04,V
2458975.2230,10.511,0.04,V
2458975.2233,10.523,0.04,V
2458975.2237,10.519,0.04,V
2458975.2241,10.526,0.04,V
2458975.2244,10.513,0.04,V
2458975.2248,10.527,0.04,V
2458975.2252,10.520,0.04,V
2458975.2255,10.508,0.04,V
2458975.2259,10.514,0.04,V
2458975.2262,10.517,0.04,V
2458975.2266,10.531,0.04,V
2458975.2270,10.520,0.04,V
2458975.2273,10.508,0.04,V
2458975.2277,10.510,0.04,V
2458975.2281,10.508,0.04,V
2458975.2284,10.524,0.04,V
2458975.2288,10.511,0.04,V
2458975.2291,10.516,0.04,V
2458975.2295,10.518,0.04,V
2458975.2299,10.522,0.04,V
2458975.2302,10.517,0.04,V
2458975.2306,10.520,0.04,V
2458975.2310,10.520,0.04,V
2458975.2313,10.529,0.04,V
2458975.2317,10.523,0.04,V
2458975.2320,10.528,0.04,V
2458975.2324,10.518,0.04,V
2458975.2328,10.522,0.04,V
2458975.2331,10.524,0.04,V
2458975.2335,10.525,0.04,V
2458975.2338,10.519,0.04,V
2458975.2342,10.528,0.04,V
2458975.2346,10.525,0.04,V
2458975.2349,10.519,0.04,V
2458975.2353,10.521,0.04,V
2458975.2357,10.519,0.04,V
2458975.2360,10.523,0.04,V
2458975.2364,10.516,0.04,V
2458975.2367,10.531,0.04,V
2458975.2371,10.530,0.04,V
2458975.2375,10.518,0.04,V
2458975.2378,10.514,0.04,V
2458975.2382,10.524,0.04,V
2458975.2386,10.526,0.04,V
2458975.2389,10.519,0.04,V
2458975.2393,10.522,0.04,V
2458975.2396,10.520,0.04,V
2458975.2400,10.513,0.04,V
2458975.2404,10.515,0.04,V
2458975.2407,10.517,0.04,V
2458975.2411,10.519,0.04,V
2458975.2415,10.511,0.04,V
2458975.2418,10.519,0.04,V
2458975.2422,10.504,0.04,V
2458975.2425,10.516,0.04,V
2458975.2429,10.511,0.04,V
2458975.2433,10.509,0.04,V
2458975.2436,10.513,0.04,V
2458975.2440,10.510,0.04,V
2458975.2444,10.514,0.04,V
2458975.2447,10.508,0.04,V
2458975.2451,10.510,0.04,V
2458975.2454,10.512,0.04,V
2458975.2458,10.506,0.04,V
2458975.2462,10.512,0.04,V
2458975.2465,10.503,0.04,V
2458975.2469,10.514,0.04,V
2458975.2473,10.509,0.04,V
2458975.2476,10.511,0.04,V
2458975.2480,10.521,0.04,V
2458975.2483,10.513,0.04,V
2458975.2487,10.505,0.04,V
2458975.2491,10.506,0.04,V
2458975.2494,10.510,0.04,V
2458975.2498,10.500,0.04,V
2458975.2501,10.517,0.04,V
2458975.2505,10.506,0.04,V
2458975.2509,10.508,0.04,V
2458975.2512,10.510,0.04,V
2458975.2516,10.506,0.04,V
2458975.2520,10.515,0.04,V
2458975.2523,10.513,0.04,V
2458975.2527,10.520,0.04,V
2458975.2530,10.513,0.04,V
2458975.2534,10.512,0.04,V
2458975.2538,10.510,0.04,V
2458975.2541,10.521,0.04,V
2458975.2545,10.520,0.04,V
2458975.2549,10.519,0.04,V
2458975.2552,10.519,0.04,V
2458975.2556,10.508,0.04,V
2458975.2559,10.506,0.04,V
2458975.2563,10.511,0.04,V
2458975.2567,10.505,0.04,V
2458975.2570,10.512,0.04,V
2458975.2574,10.510,0.04,V
2458975.2577,10.512,0.04,V
2458975.2581,10.512,0.04,V
2458975.2585,10.521,0.04,V
2458975.2588,10.524,0.04,V
2458975.2592,10.521,0.04,V
2458975.2596,10.520,0.04,V
2458975.2599,10.514,0.04,V
2458975.2603,10.515,0.04,V
2458975.2607,10.509,0.04,V
2458975.2610,10.519,0.04,V
2458975.2614,10.524,0.04,V
2458975.2617,10.518,0.04,V
2458975.2621,10.518,0.04,V
2458975.2625,10.517,0.04,V
2458975.2628,10.511,0.04,V
2458975.2632,10.520,0.04,V
2458975.2635,10.529,0.04,V
2458975.2639,10.513,0.04,V
2458975.2643,10.517,0.04,V
2458975.2646,10.512,0.04,V
2458975.2650,10.511,0.04,V
2458975.2654,10.522,0.04,V
2458975.2657,10.509,0.04,V
2458975.2661,10.510,0.04,V
2458975.2664,10.518,0.04,V
2458975.2668,10.510,0.04,V
2458975.2672,10.519,0.04,V
2458975.2675,10.511,0.04,V
2458975.2679,10.517,0.04,V
2458975.2683,10.522,0.04,V
2458975.2686,10.516,0.04,V
2458975.2690,10.509,0.04,V
2458975.2693,10.525,0.04,V
2458975.2697,10.521,0.04,V
2458975.2701,10.510,0.04,V
2458975.2704,10.515,0.04,V
2458975.2708,10.528,0.04,V
2458975.2712,10.518,0.04,V
2458975.2715,10.529,0.04,V
2458975.2719,10.527,0.04,V
2458975.2722,10.514,0.04,V
2458975.2726,10.516,0.04,V
2458975.2730,10.530,0.04,V
2458975.2733,10.541,0.04,V
2458975.2737,10.522,0.04,V
2458975.2740,10.521,0.04,V
2458975.2744,10.517,0.04,V
2458975.2748,10.510,0.04,V
2458975.2751,10.519,0.04,V
2458975.2755,10.522,0.04,V
2458975.2759,10.517,0.04,V
2458975.2762,10.520,0.04,V
2458975.2766,10.517,0.04,V
2458975.2769,10.514,0.04,V
2458975.2773,10.515,0.04,V
2458975.2777,10.509,0.04,V
2458975.2795,10.514,0.04,V
2458975.2798,10.512,0.04,V
2458975.2802,10.520,0.04,V
2458975.2806,10.518,0.04,V
2458975.2809,10.520,0.04,V
2458975.2813,10.515,0.04,V
2458975.2816,10.522,0.04,V
2458975.2820,10.515,0.04,V
2458975.2824,10.519,0.04,V
2458975.2827,10.519,0.04,V
2458975.2831,10.518,0.04,V
2458975.2835,10.517,0.04,V
2458975.2838,10.520,0.04,V
2458975.2842,10.515,0.04,V
2458975.2846,10.518,0.04,V
2458975.2849,10.514,0.04,V
2458975.2853,10.510,0.04,V
2458975.2856,10.510,0.04,V
2458975.2860,10.515,0.04,V
2458975.2864,10.513,0.04,V
2458975.2867,10.509,0.04,V
2458975.2871,10.508,0.04,V
2458975.2874,10.510,0.04,V
2458975.2878,10.506,0.04,V
2458975.2882,10.517,0.04,V
2458975.2885,10.517,0.04,V
2458975.2889,10.515,0.04,V
2458975.2893,10.513,0.04,V
2458975.2896,10.516,0.04,V
2458975.2900,10.513,0.04,V
2458975.2903,10.507,0.04,V
2458975.2907,10.504,0.04,V
2458975.2911,10.502,0.04,V
2458975.2914,10.512,0.04,V
2458975.2918,10.518,0.04,V
2458975.2922,10.502,0.04,V
2458975.2925,10.522,0.04,V
2458975.2929,10.511,0.04,V
2458975.2932,10.510,0.04,V
2458975.2936,10.518,0.04,V
2458975.2940,10.520,0.04,V
2458975.2943,10.523,0.04,V
2458975.2947,10.514,0.04,V
2458975.2951,10.512,0.04,V
2458975.2954,10.525,0.04,V
2458975.2958,10.517,0.04,V
2458975.2961,10.519,0.04,V
2458975.2965,10.504,0.04,V
2458975.2969,10.509,0.04,V
2458975.2972,10.519,0.04,V
2458975.2976,10.513,0.04,V
2458975.2979,10.509,0.04,V
2458975.2983,10.517,0.04,V
2458975.2987,10.510,0.04,V
2458975.2990,10.524,0.04,V
2458975.2994,10.519,0.04,V
2458975.2998,10.518,0.04,V
2458975.3001,10.514,0.04,V
2458975.3005,10.518,0.04,V
2458975.3008,10.506,0.04,V
2458975.3012,10.508,0.04,V
2458975.3016,10.508,0.04,V
2458975.3019,10.525,0.04,V
2458975.3023,10.516,0.04,V
2458975.3027,10.519,0.04,V
2458975.3030,10.505,0.04,V
2458975.3034,10.511,0.04,V
2458975.3037,10.510,0.04,V
2458975.3041,10.513,0.04,V
2458975.3045,10.504,0.04,V
2458975.3048,10.516,0.04,V
2458975.3052,10.514,0.04,V
2458975.3055,10.504,0.04,V
2458975.3059,10.515,0.04,V
2458975.3063,10.513,0.04,V
2458975.3066,10.509,0.04,V
2458975.3070,10.507,0.04,V
2458975.3074,10.514,0.04,V
2458975.3077,10.509,0.04,V
2458975.3081,10.507,0.04,V
2458975.3085,10.509,0.04,V
2458975.3088,10.514,0.04,V
2458975.3092,10.517,0.04,V
2458975.3095,10.524,0.04,V
2458975.3099,10.524,0.04,V
2458975.3103,10.508,0.04,V
2458975.3106,10.511,0.04,V
2458975.3110,10.515,0.04,V
2458975.3113,10.521,0.04,V
2458975.3117,10.512,0.04,V
2458975.3121,10.522,0.04,V
2458975.3124,10.518,0.04,V
2458975.3128,10.514,0.04,V
2458975.3132,10.508,0.04,V
2458975.3135,10.505,0.04,V
2458975.3139,10.509,0.04,V
2458975.3142,10.514,0.04,V
2458975.3146,10.519,0.04,V
2458975.3150,10.506,0.04,V
2458975.3153,10.508,0.04,V
2458975.3157,10.510,0.04,V
2458975.3161,10.516,0.04,V
2458975.3164,10.510,0.04,V
2458975.3168,10.502,0.04,V
2458975.3171,10.508,0.04,V
2458975.3175,10.508,0.04,V
2458975.3179,10.516,0.04,V
2458975.3182,10.509,0.04,V
2458975.3186,10.510,0.04,V
2458975.3190,10.509,0.04,V
2458975.3193,10.503,0.04,V
2458975.3197,10.498,0.04,V
2458975.3200,10.505,0.04,V
2458975.3204,10.510,0.04,V
2458975.3208,10.501,0.04,V
2458975.3211,10.514,0.04,V
2458975.3215,10.508,0.04,V
2458975.3219,10.509,0.04,V
2458975.3222,10.504,0.04,V
2458975.3226,10.506,0.04,V
2458975.3229,10.521,0.04,V
2458975.3233,10.511,0.04,V
2458975.3237,10.513,0.04,V
2458975.3240,10.514,0.04,V
2458975.3244,10.520,0.04,V
2458975.3248,10.522,0.04,V
2458975.3251,10.518,0.04,V
2458975.3255,10.517,0.04,V
2458975.3258,10.514,0.04,V
2458975.3262,10.515,0.04,V
2458975.3266,10.521,0.04,V
2458975.3269,10.518,0.04,V
2458975.3273,10.518,0.04,V
2458975.3276,10.512,0.04,V
2458975.3280,10.522,0.04,V
2458975.3284,10.519,0.04,V
2458975.3287,10.513,0.04,V
2458975.3291,10.524,0.04,V
2458975.3295,10.522,0.04,V
2458975.3298,10.516,0.04,V
2458975.3302,10.514,0.04,V
2458975.3305,10.515,0.04,V
2458975.3309,10.529,0.04,V
2458975.3313,10.520,0.04,V
2458975.3316,10.520,0.04,V
2458975.3320,10.520,0.04,V
2458975.3324,10.522,0.04,V
2458975.3327,10.521,0.04,V
2458975.3331,10.524,0.04,V
2458975.3334,10.521,0.04,V
2458975.3338,10.522,0.04,V
2458975.3342,10.520,0.04,V
2458975.3345,10.521,0.04,V
2458975.3349,10.516,0.04,V
2458975.3352,10.519,0.04,V
2458975.3356,10.528,0.04,V
2458975.3360,10.520,0.04,V
2458975.3363,10.531,0.04,V
2458975.3367,10.518,0.04,V
2458975.3371,10.522,0.04,V
2458975.3374,10.516,0.04,V
2458975.3378,10.524,0.04,V
2458975.3382,10.521,0.04,V
2458975.3385,10.526,0.04,V
2458975.3389,10.529,0.04,V
2458975.3392,10.520,0.04,V
2458975.3396,10.529,0.04,V
2458975.3400,10.520,0.04,V
2458975.3403,10.519,0.04,V
2458975.3407,10.518,0.04,V
2458975.3410,10.525,0.04,V
2458975.3414,10.518,0.04,V
2458975.3418,10.515,0.04,V
2458975.3421,10.515,0.04,V
2458975.3425,10.514,0.04,V
2458975.9830,10.583,0.018,V
2459007.9900,10.679,0.020,V
2459240.3323,11.073,0.05,V
2459240.3327,11.090,0.05,V
2459240.3331,11.084,0.05,V
2459240.3334,11.072,0.05,V
2459240.3338,11.076,0.05,V
2459240.3341,11.101,0.05,V
2459240.3345,11.105,0.05,V
2459240.3349,11.096,0.05,V
2459240.3352,11.082,0.05,V
2459240.3356,11.079,0.05,V
2459240.3360,11.064,0.05,V
2459240.3363,11.066,0.05,V
2459240.3367,11.082,0.05,V
2459240.3370,11.062,0.05,V
2459240.3374,11.055,0.05,V
2459240.3378,11.039,0.05,V
2459240.3381,11.070,0.05,V
2459240.3385,11.073,0.05,V
2459240.3389,11.093,0.05,V
2459240.3392,11.069,0.05,V
2459240.3396,11.084,0.05,V
2459240.3399,11.073,0.05,V
2459240.3403,11.069,0.05,V
2459240.3407,11.080,0.05,V
2459240.3410,11.067,0.05,V
2459240.3414,11.064,0.05,V
2459240.3418,11.077,0.05,V
2459240.3421,11.057,0.05,V
2459240.3425,11.057,0.05,V
2459240.3428,11.065,0.05,V
2459240.3432,11.068,0.05,V
2459240.3436,11.080,0.05,V
2459240.3439,11.098,0.05,V
2459240.3443,11.070,0.05,V
2459240.3446,11.085,0.05,V
2459240.3450,11.078,0.05,V
2459240.3454,11.081,0.05,V
2459240.3457,11.058,0.05,V
2459240.3461,11.063,0.05,V
2459240.3465,11.070,0.05,V
2459240.3468,11.059,0.05,V
2459240.3472,11.057,0.05,V
2459240.3476,11.040,0.05,V
2459240.3479,11.083,0.05,V
2459240.3483,11.061,0.05,V
2459240.3486,11.062,0.05,V
2459240.3490,11.073,0.05,V
2459240.3494,11.060,0.05,V
2459240.3497,11.054,0.05,V
2459240.3501,11.079,0.05,V
2459240.3504,11.058,0.05,V
2459240.3508,11.078,0.05,V
2459240.3512,11.061,0.05,V
2459240.3515,11.067,0.05,V
2459240.3519,11.064,0.05,V
2459240.3523,11.053,0.05,V
2459240.3526,11.051,0.05,V
2459240.3530,11.067,0.05,V
2459240.3533,11.077,0.05,V
2459240.3537,11.054,0.05,V
2459240.3541,11.066,0.05,V
2459240.3544,11.060,0.05,V
2459240.3548,11.066,0.05,V
2459240.3552,11.075,0.05,V
2459240.3555,11.073,0.05,V
2459240.3559,11.069,0.05,V
2459240.3562,11.063,0.05,V
2459240.3566,11.070,0.05,V
2459240.3570,11.058,0.05,V
2459240.3573,11.062,0.05,V
2459240.3577,11.061,0.05,V
2459240.3580,11.064,0.05,V
2459240.3584,11.078,0.05,V
2459240.3588,11.055,0.05,V
2459240.3591,11.073,0.05,V
2459240.3595,11.067,0.05,V
2459240.3599,11.067,0.05,V
2459240.3602,11.079,0.05,V
2459240.3606,11.079,0.05,V
2459240.3610,11.075,0.05,V
2459240.3613,11.097,0.05,V
2459240.3617,11.066,0.05,V
2459240.3620,11.092,0.05,V
2459240.3624,11.078,0.05,V
2459240.3628,11.073,0.05,V
2459240.3631,11.087,0.05,V
2459240.3635,11.083,0.05,V
2459240.3638,11.074,0.05,V
2459240.3642,11.082,0.05,V
2459240.3646,11.086,0.05,V
2459240.3649,11.076,0.05,V
2459240.3653,11.066,0.05,V
2459240.3657,11.080,0.05,V
2459240.3660,11.080,0.05,V
2459240.3664,11.081,0.05,V
2459240.3667,11.076,0.05,V
2459240.3671,11.089,0.05,V
2459240.3675,11.070,0.05,V
2459240.3678,11.063,0.05,V
2459240.3682,11.066,0.05,V
2459240.3686,11.060,0.05,V
2459240.3689,11.058,0.05,V
2459240.3693,11.062,0.05,V
2459240.3696,11.079,0.05,V
2459240.3700,11.071,0.05,V
2459240.3704,11.068,0.05,V
2459240.3707,11.072,0.05,V
2459240.3711,11.078,0.05,V
2459240.3715,11.075,0.05,V
2459240.3718,11.091,0.05,V
2459240.3722,11.094,0.05,V
2459240.3725,11.084,0.05,V
2459240.3729,11.091,0.05,V
2459240.3733,11.083,0.05,V
2459240.3736,11.087,0.05,V
2459240.3740,11.081,0.05,V
2459240.3743,11.082,0.05,V
2459240.3747,11.068,0.05,V
2459240.3751,11.077,0.05,V
2459240.3754,11.101,0.05,V
2459240.3758,11.078,0.05,V
2459240.3762,11.080,0.05,V
2459240.3765,11.072,0.05,V
2459240.3769,11.068,0.05,V
2459240.3773,11.075,0.05,V
2459240.3776,11.067,0.05,V
2459240.3780,11.071,0.05,V
2459240.3783,11.074,0.05,V
2459240.3787,11.066,0.05,V
2459240.3791,11.068,0.05,V
2459240.3794,11.060,0.05,V
2459240.3798,11.060,0.05,V
2459240.3801,11.080,0.05,V
2459240.3805,11.064,0.05,V
2459240.3809,11.088,0.05,V
2459240.3812,11.079,0.05,V
2459240.3816,11.074,0.05,V
2459240.3820,11.061,0.05,V
2459240.3823,11.067,0.05,V
2459240.3827,11.076,0.05,V
2459240.3830,11.057,0.05,V
2459240.3834,11.089,0.05,V
2459240.3838,11.075,0.05,V
2459240.3841,11.061,0.05,V
2459240.3845,11.068,0.05,V
2459240.3849,11.070,0.05,V
2459240.3852,11.069,0.05,V
2459240.3856,11.059,0.05,V
2459240.3859,11.057,0.05,V
2459240.3863,11.053,0.05,V
2459240.3867,11.072,0.05,V
2459240.3870,11.077,0.05,V
2459240.3874,11.057,0.05,V
2459240.3877,11.072,0.05,V
2459240.3881,11.073,0.05,V
2459240.3885,11.058,0.05,V
2459240.3888,11.067,0.05,V
2459240.3892,11.067,0.05,V
2459240.3896,11.064,0.05,V
2459240.3899,11.054,0.05,V
2459240.3903,11.061,0.05,V
2459240.3906,11.062,0.05,V
2459240.3910,11.073,0.05,V
2459240.3914,11.074,0.05,V
2459240.3917,11.051,0.05,V
2459240.3921,11.080,0.05,V
2459240.3925,11.063,0.05,V
2459240.3928,11.060,0.05,V
2459240.3932,11.051,0.05,V
2459240.3935,11.074,0.05,V
2459240.3939,11.073,0.05,V
2459240.3943,11.046,0.05,V
2459240.3946,11.074,0.05,V
2459240.3950,11.078,0.05,V
2459240.3954,11.051,0.05,V
2459240.3957,11.074,0.05,V
2459240.3961,11.067,0.05,V
2459240.3964,11.057,0.05,V
2459240.3968,11.062,0.05,V
2459240.3972,11.064,0.05,V
2459240.3975,11.059,0.05,V
2459240.3979,11.054,0.05,V
2459240.3982,11.049,0.05,V
2459240.3986,11.065,0.05,V
2459240.3990,11.067,0.05,V
2459240.3993,11.067,0.05,V
2459240.3997,11.059,0.05,V
2459240.4001,11.055,0.05,V
2459240.4004,11.047,0.05,V
2459240.4008,11.067,0.05,V
2459240.4012,11.060,0.05,V
2459240.4015,11.064,0.05,V
2459240.4019,11.055,0.05,V
2459240.4022,11.069,0.05,V
2459240.4112,11.087,0.05,V
2459240.4115,11.074,0.05,V
2459240.4119,11.083,0.05,V
2459240.4122,11.072,0.05,V
2459240.4126,11.077,0.05,V
2459240.4130,11.079,0.05,V
2459240.4133,11.068,0.05,V
2459240.4137,11.076,0.05,V
2459240.4140,11.064,0.05,V
2459240.4144,11.084,0.05,V
2459240.4148,11.074,0.05,V
2459240.4151,11.055,0.05,V
2459240.4155,11.067,0.05,V
2459240.4158,11.080,0.05,V
2459240.4162,11.099,0.05,V
2459240.4166,11.086,0.05,V
2459240.4169,11.079,0.05,V
2459240.4173,11.071,0.05,V
2459240.4177,11.082,0.05,V
2459240.4180,11.070,0.05,V
2459240.4184,11.093,0.05,V
2459240.4191,11.078,0.05,V
2459240.4195,11.077,0.05,V
2459240.4198,11.074,0.05,V
2459240.4202,11.060,0.05,V
2459240.4205,11.070,0.05,V
2459240.4209,11.052,0.05,V
2459240.4213,11.061,0.05,V
2459240.4216,11.067,0.05,V
2459240.4220,11.073,0.05,V
2459240.4224,11.078,0.05,V
2459240.4227,11.061,0.05,V
2459240.4231,11.066,0.05,V
2459240.4234,11.082,0.05,V
2459240.4238,11.070,0.05,V
2459240.4242,11.074,0.05,V
2459240.4245,11.074,0.05,V
2459240.4249,11.057,0.05,V
2459240.4252,11.065,0.05,V
2459240.4256,11.066,0.05,V
2459240.4260,11.061,0.05,V
2459240.4263,11.089,0.05,V
2459240.4267,11.062,0.05,V
2459240.4271,11.086,0.05,V
2459240.4274,11.077,0.05,V
2459240.4278,11.079,0.05,V
2459240.4281,11.079,0.05,V
2459240.4285,11.085,0.05,V
2459240.4289,11.069,0.05,V
2459240.4292,11.074,0.05,V
2459240.4296,11.073,0.05,V
2459240.4299,11.072,0.05,V
2459240.4303,11.067,0.05,V
2459240.4307,11.069,0.05,V
2459240.4310,11.079,0.05,V
2459240.4314,11.067,0.05,V
2459240.4318,11.066,0.05,V
2459240.4321,11.065,0.05,V
2459240.4325,11.059,0.05,V
2459240.4328,11.075,0.05,V
2459240.4332,11.076,0.05,V
2459240.4336,11.072,0.05,V
2459240.4339,11.076,0.05,V
2459240.4343,11.072,0.05,V
2459240.4346,11.061,0.05,V
2459240.4350,11.068,0.05,V
2459240.4354,11.063,0.05,V
2459240.4357,11.079,0.05,V
2459240.4361,11.048,0.05,V
2459240.4365,11.083,0.05,V
2459240.4368,11.072,0.05,V
2459240.4372,11.077,0.05,V
2459240.4375,11.071,0.05,V
2459240.4379,11.075,0.05,V
2459240.4383,11.063,0.05,V
2459240.4386,11.072,0.05,V
2459240.4390,11.061,0.05,V
2459240.4393,11.076,0.05,V
2459240.4397,11.065,0.05,V
2459240.4401,11.061,0.05,V
2459240.4404,11.071,0.05,V
2459240.4408,11.063,0.05,V
2459240.4412,11.076,0.05,V
2459240.4415,11.057,0.05,V
2459240.4419,11.053,0.05,V
2459240.4422,11.086,0.05,V
2459240.4426,11.080,0.05,V
2459240.4430,11.085,0.05,V
2459240.4433,11.075,0.05,V
2459240.4437,11.049,0.05,V
2459240.4440,11.074,0.05,V
2459240.4444,11.065,0.05,V
2459240.4448,11.059,0.05,V
2459240.4451,11.052,0.05,V
2459240.4455,11.060,0.05,V
2459240.4458,11.067,0.05,V
2459240.4462,11.059,0.05,V
2459240.4466,11.061,0.05,V
2459240.4469,11.082,0.05,V
2459240.4473,11.062,0.05,V
2459240.4477,11.066,0.05,V
2459240.4480,11.064,0.05,V
2459240.4484,11.070,0.05,V
2459240.4487,11.073,0.05,V
2459240.4491,11.080,0.05,V
2459240.4495,11.068,0.05,V
2459240.4498,11.076,0.05,V
2459240.4502,11.065,0.05,V
2459240.4505,11.049,0.05,V
2459240.4509,11.055,0.05,V
2459240.4513,11.042,0.05,V
2459240.4520,11.066,0.05,V
2459240.4524,11.073,0.05,V
2459240.4527,11.046,0.05,V
2459240.4531,11.044,0.05,V
2459240.4534,11.059,0.05,V
2459240.4538,11.052,0.05,V
2459240.4542,11.055,0.05,V
2459240.4545,11.049,0.05,V
2459240.4549,11.073,0.05,V
2459240.4552,11.072,0.05,V
2459240.4556,11.051,0.05,V
2459240.4560,11.054,0.05,V
2459240.4563,11.056,0.05,V
2459240.4567,11.056,0.05,V
2459240.4571,11.056,0.05,V
2459240.4574,11.048,0.05,V
2459240.4578,11.060,0.05,V
2459240.4581,11.084,0.05,V
2459240.4585,11.065,0.05,V
2459240.4589,11.068,0.05,V
2459240.4592,11.056,0.05,V
2459240.4596,11.056,0.05,V
2459240.4599,11.061,0.05,V
2459240.4603,11.045,0.05,V
2459240.4607,11.056,0.05,V
2459240.4610,11.054,0.05,V
2459240.4614,11.051,0.05,V
2459240.4618,11.049,0.05,V
2459240.4621,11.062,0.05,V
2459240.4625,11.047,0.05,V
2459240.4628,11.051,0.05,V
2459240.4632,11.052,0.05,V
2459240.4636,11.051,0.05,V
2459240.4639,11.061,0.05,V
2459240.4647,11.054,0.05,V
2459240.4650,11.057,0.05,V
2459240.4654,11.063,0.05,V
2459240.4657,11.038,0.05,V
2459240.4661,11.055,0.05,V
2459240.4665,11.069,0.05,V
2459240.4668,11.055,0.05,V
2459240.4672,11.064,0.05,V
2459240.4675,11.065,0.05,V
2459240.4679,11.060,0.05,V
2459240.4683,11.040,0.05,V
2459240.4686,11.059,0.05,V
2459240.4690,11.047,0.05,V
2459240.4694,11.053,0.05,V
2459240.4697,11.067,0.05,V
2459240.4701,11.058,0.05,V
2459240.4704,11.065,0.05,V
2459240.4708,11.058,0.05,V
2459240.4712,11.054,0.05,V
2459240.4715,11.057,0.05,V
2459240.4719,11.078,0.05,V
2459240.4722,11.063,0.05,V
2459240.4730,11.072,0.05,V
2459240.4733,11.074,0.05,V
2459240.4737,11.073,0.05,V
2459240.4741,11.062,0.05,V
2459240.4744,11.071,0.05,V
2459240.4748,11.061,0.05,V
2459240.4751,11.052,0.05,V
2459240.4755,11.065,0.05,V
2459240.4759,11.067,0.05,V
2459240.4762,11.062,0.05,V
2459240.4766,11.079,0.05,V
2459240.4769,11.068,0.05,V
2459240.4773,11.070,0.05,V
2459240.4777,11.065,0.05,V
2459240.4780,11.068,0.05,V
2459240.4784,11.062,0.05,V
2459240.4788,11.073,0.05,V
2459240.4791,11.058,0.05,V
2459240.4795,11.064,0.05,V
2459240.4798,11.071,0.05,V
2459240.4802,11.056,0.05,V
2459240.4806,11.076,0.05,V
2459240.4809,11.078,0.05,V
2459240.4813,11.074,0.05,V
2459240.4816,11.080,0.05,V
2459240.4820,11.076,0.05,V
2459240.4824,11.072,0.05,V
2459240.4827,11.055,0.05,V
2459240.4831,11.059,0.05,V
2459240.4835,11.079,0.05,V
2459240.4838,11.075,0.05,V
2459240.4842,11.072,0.05,V
2459240.4845,11.078,0.05,V
2459240.4849,11.072,0.05,V
2459240.4853,11.063,0.05,V
2459240.4856,11.062,0.05,V
2459240.4860,11.056,0.05,V
2459240.4863,11.065,0.05,V
2459240.4867,11.058,0.05,V
2459240.4871,11.062,0.05,V
2459240.4874,11.054,0.05,V
2459240.4878,11.054,0.05,V
2459240.4882,11.068,0.05,V
2459240.4885,11.066,0.05,V
2459240.4889,11.045,0.05,V
2459240.4892,11.058,0.05,V
2459240.4896,11.062,0.05,V
2459240.4900,11.061,0.05,V
2459240.4903,11.060,0.05,V
2459240.4907,11.053,0.05,V
2459240.4910,11.056,0.05,V
2459240.4914,11.064,0.05,V
2459240.4918,11.063,0.05,V
2459240.4921,11.056,0.05,V
2459240.4925,11.071,0.05,V
2459240.4929,11.073,0.05,V
2459240.4932,11.061,0.05,V
2459240.4936,11.066,0.05,V
2459240.4939,11.074,0.05,V
2459240.4943,11.072,0.05,V
2459240.4947,11.051,0.05,V
2459240.4950,11.057,0.05,V
2459240.4954,11.067,0.05,V
2459240.4957,11.056,0.05,V
2459240.4961,11.048,0.05,V
2459240.4965,11.065,0.05,V
2459240.4968,11.090,0.05,V
2459240.4972,11.066,0.05,V
2459240.4976,11.063,0.05,V
2459240.4979,11.082,0.05,V
2459240.4983,11.055,0.05,V
2459240.4986,11.066,0.05,V
2459240.4990,11.066,0.05,V
2459240.4994,11.068,0.05,V
2459240.4997,11.064,0.05,V
2459240.5001,11.053,0.05,V
2459240.5004,11.062,0.05,V
2459240.5008,11.062,0.05,V
2459240.5012,11.071,0.05,V
2459240.5015,11.071,0.05,V
2459240.5019,11.061,0.05,V
2459240.5023,11.063,0.05,V
2459240.5026,11.048,0.05,V
2459240.5030,11.055,0.05,V
2459240.5033,11.065,0.05,V
2459240.5037,11.048,0.05,V
2459240.5041,11.055,0.05,V
2459240.5044,11.065,0.05,V
2459240.5048,11.057,0.05,V
2459240.5051,11.064,0.05,V
2459240.5055,11.050,0.05,V
2459240.5059,11.066,0.05,V
2459240.5062,11.070,0.05,V
2459240.5066,11.062,0.05,V
2459240.5069,11.063,0.05,V
2459240.5073,11.068,0.05,V
2459240.5077,11.056,0.05,V
2459240.5080,11.045,0.05,V
2459240.5084,11.051,0.05,V
2459240.5088,11.046,0.05,V
2459240.5091,11.055,0.05,V
2459240.5095,11.051,0.05,V
2459240.5098,11.048,0.05,V
2459240.5102,11.054,0.05,V
2459240.5106,11.044,0.05,V
2459240.5109,11.047,0.05,V
2459240.5113,11.058,0.05,V
2459240.5116,11.058,0.05,V
2459240.5120,11.055,0.05,V
2459240.5124,11.054,0.05,V
2459240.5127,11.043,0.05,V
2459240.5131,11.057,0.05,V
2459240.5135,11.055,0.05,V
2459240.5138,11.062,0.05,V
2459240.5142,11.058,0.05,V
2459240.5145,11.077,0.05,V
2459240.5149,11.057,0.05,V
2459240.5153,11.060,0.05,V
2459240.5156,11.056,0.05,V
2459240.5160,11.054,0.05,V
2459240.5163,11.047,0.05,V
2459240.5167,11.071,0.05,V
2459240.5171,11.067,0.05,V
2459240.5174,11.057,0.05,V
2459240.5178,11.071,0.05,V
2459240.5182,11.056,0.05,V
2459240.5185,11.062,0.05,V
2459240.5189,11.060,0.05,V
2459240.5192,11.057,0.05,V
2459240.5196,11.059,0.05,V
2459240.5200,11.056,0.05,V
2459240.5203,11.072,0.05,V
2459240.5207,11.073,0.05,V
2459240.5210,11.061,0.05,V
2459240.5214,11.076,0.05,V
2459240.5218,11.059,0.05,V
2459240.5221,11.047,0.05,V
2459240.5225,11.072,0.05,V
2459240.5229,11.054,0.05,V
2459240.5232,11.049,0.05,V
2459240.5236,11.063,0.05,V
2459240.5243,11.063,0.05,V
2459240.5247,11.069,0.05,V
2459240.5250,11.074,0.05,V
2459240.5254,11.065,0.05,V
2459240.5257,11.072,0.05,V
2459240.5261,11.063,0.05,V
2459240.5265,11.069,0.05,V
2459240.5268,11.063,0.05,V
2459240.5272,11.071,0.05,V
2459240.5276,11.055,0.05,V
2459240.5279,11.061,0.05,V
2459240.5283,11.068,0.05,V
2459240.5286,11.073,0.05,V
2459240.5290,11.071,0.05,V
2459240.5294,11.064,0.05,V
2459240.5297,11.057,0.05,V
2459240.5301,11.054,0.05,V
2459240.5304,11.052,0.05,V
2459240.5308,11.066,0.05,V
2459240.5312,11.062,0.05,V
2459240.5315,11.067,0.05,V
2459240.5319,11.058,0.05,V
2459240.5323,11.053,0.05,V
2459240.5326,11.062,0.05,V
2459240.5330,11.057,0.05,V
2459240.5337,11.059,0.05,V
2459240.5341,11.041,0.05,V
2459240.5344,11.056,0.05,V
2459240.5348,11.048,0.05,V
2459240.5351,11.061,0.05,V
2459240.5355,11.077,0.05,V
2459240.5359,11.071,0.05,V
2459240.5362,11.068,0.05,V
2459240.5366,11.064,0.05,V
2459240.5369,11.054,0.05,V
2459240.5373,11.059,0.05,V
2459240.5377,11.061,0.05,V
2459240.5380,11.053,0.05,V
2459240.5384,11.062,0.05,V
2459240.5388,11.062,0.05,V
2459240.5391,11.058,0.05,V
2459240.5395,11.054,0.05,V
2459240.5398,11.067,0.05,V
2459240.5402,11.071,0.05,V
2459240.5406,11.068,0.05,V
2459240.5409,11.053,0.05,V
2459240.5413,11.059,0.05,V
2459240.5416,11.064,0.05,V
2459240.5420,11.061,0.05,V
2459240.5424,11.058,0.05,V
2459240.5427,11.067,0.05,V
2459240.5431,11.071,0.05,V
2459240.5435,11.072,0.05,V
2459240.5438,11.068,0.05,V
2459240.5442,11.065,0.05,V
2459240.5445,11.063,0.05,V
2459240.5449,11.066,0.05,V
2459240.5453,11.067,0.05,V
2459240.5456,11.072,0.05,V
2459240.5467,11.071,0.05,V
2459240.5471,11.074,0.05,V
2459240.5474,11.063,0.05,V
2459240.5478,11.052,0.05,V
2459240.5482,11.071,0.05,V
2459240.5485,11.070,0.05,V
2459240.5489,11.067,0.05,V
2459240.5492,11.080,0.05,V
2459240.5496,11.060,0.05,V
2459240.5500,11.073,0.05,V
2459240.5503,11.074,0.05,V
2459240.5507,11.068,0.05,V
2459240.5510,11.077,0.05,V
2459240.5514,11.063,0.05,V
2459240.5518,11.071,0.05,V
2459240.5521,11.084,0.05,V
2459240.5525,11.077,0.05,V
2459240.5529,11.073,0.05,V
2459240.5532,11.061,0.05,V
2459240.5536,11.064,0.05,V
2459240.5539,11.069,0.05,V
2459240.5543,11.066,0.05,V
2459240.5547,11.065,0.05,V
2459240.5550,11.070,0.05,V
2459240.5554,11.058,0.05,V
2459240.5557,11.070,0.05,V
2459240.5561,11.066,0.05,V
2459240.5565,11.063,0.05,V
2459240.5568,11.063,0.05,V
2459240.5572,11.054,0.05,V
2459240.5576,11.063,0.05,V
2459240.5579,11.061,0.05,V
2459240.5583,11.061,0.05,V
2459240.5586,11.059,0.05,V
2459240.5590,11.061,0.05,V
2459240.5594,11.053,0.05,V
2459240.5601,11.035,0.05,V
2459240.5604,11.048,0.05,V
2459240.5608,11.057,0.05,V
2459240.5612,11.066,0.05,V
2459240.5615,11.072,0.05,V
2459240.5619,11.068,0.05,V
2459240.5623,11.053,0.05,V
2459240.5626,11.048,0.05,V
2459240.5630,11.046,0.05,V
2459240.5633,11.056,0.05,V
2459240.5637,11.056,0.05,V
2459240.5641,11.054,0.05,V
2459240.5644,11.052,0.05,V
2459240.5648,11.057,0.05,V
2459240.5651,11.060,0.05,V
2459240.5655,11.071,0.05,V
2459240.5659,11.064,0.05,V
2459240.5662,11.060,0.05,V
2459240.5666,11.055,0.05,V
2459240.5670,11.064,0.05,V
2459240.5673,11.054,0.05,V
