# PR_STOUT run at Thu Aug 29 11:46:49 2019
 
   col1     col2   col3   col4    Flux   seeing    yymmdd source
(+2450000.0)                    (F_lam) arcsec
7893.60498   I    8.880  0.001  3.05E-13  1.06    170519 Andicam
7893.60547   B   11.730  0.002  1.23E-13  1.35    170519 Andicam
7893.60742   R    9.661  0.001  2.93E-13  1.06    170519 Andicam
7894.56445   I    9.075  0.001  2.55E-13  0.97    170520 Andicam
7894.56543   B   11.972  0.002  9.81E-14  1.04    170520 Andicam
7894.56738   R    9.869  0.001  2.42E-13  0.89    170520 Andicam
7895.56445   I    9.147  0.001  2.39E-13  0.78    170521 Andicam
7895.56494   B   11.967  0.002  9.86E-14  1.04    170521 Andicam
7895.56689   R    9.869  0.001  2.42E-13  0.83    170521 Andicam
7901.55420   I    8.877  0.001  3.06E-13  1.14    170527 Andicam
7901.55518   B   11.618  0.002  1.36E-13  1.38    170527 Andicam
7901.55615   V   10.685  0.002  1.92E-13  1.22    170527 Andicam
7901.55664   R    9.579  0.001  3.16E-13  1.09    170527 Andicam
7902.58301   I    9.056  0.001  2.59E-13  0.89    170528 Andicam
7902.58350   B   11.901  0.002  1.05E-13  1.11    170528 Andicam
7902.58447   V   10.935  0.001  1.53E-13  1.00    170528 Andicam
7902.58545   R    9.798  0.001  2.58E-13  0.90    170528 Andicam
7903.63672   I    9.186  0.001  2.30E-13  0.94    170529 Andicam
7903.63721   B   11.978  0.002  9.76E-14  1.26    170529 Andicam
7903.63818   V   11.049  0.001  1.37E-13  1.08    170529 Andicam
7903.63916   R    9.860  0.001  2.44E-13  0.97    170529 Andicam
7904.56006   I    9.407  0.001  1.88E-13  0.55    170530 Andicam
7904.56055   B   12.331  0.002  7.05E-14  0.66    170530 Andicam
7904.56152   V   11.475  0.001  9.28E-14  0.64    170530 Andicam
7904.56250   R   10.114  0.001  1.93E-13  0.57    170530 Andicam
7905.53418   I    9.579  0.001  1.60E-13  0.59    170531 Andicam
7905.53467   B   12.443  0.001  6.36E-14  0.66    170531 Andicam
7905.53564   V   11.576  0.001  8.46E-14  0.61    170531 Andicam
7905.53662   R   10.231  0.001  1.73E-13  0.56    170531 Andicam
7906.50488   I    9.456  0.001  1.79E-13  0.48    170601 Andicam
7906.50586   B   12.278  0.002  7.40E-14  0.64    170601 Andicam
7906.50684   V   11.381  0.001  1.01E-13  0.58    170601 Andicam
7906.50781   R   10.088  0.001  1.98E-13  0.54    170601 Andicam
7908.51465   I    9.447  0.008  1.81E-13  0.83    170603 Andicam
7908.51514   B   12.292  0.019  7.31E-14  0.87    170603 Andicam
7908.51660   V   11.323  0.010  1.07E-13  0.84    170603 Andicam
7908.51709   R   10.134  0.015  1.89E-13  0.71    170603 Andicam
7910.48779   I    9.613  0.017  1.55E-13  0.74    170604 Andicam
7910.48828   B   12.452  0.029  6.31E-14  0.89    170604 Andicam
7910.48975   V   11.474  0.016  9.29E-14  0.87    170604 Andicam
7910.49072   R   10.296  0.036  1.63E-13  0.71    170604 Andicam
7911.49658   I    9.347  0.001  1.98E-13  0.93    170605 Andicam
7911.49756   B   12.083  0.002  8.86E-14  1.04    170605 Andicam
7911.49854   V   11.144  0.001  1.26E-13  0.90    170605 Andicam
7911.49951   R   10.006  0.001  2.13E-13  0.80    170605 Andicam
7911.50342   I    9.405  0.001  1.88E-13  0.79    170606 Andicam
7911.50439   B   12.211  0.002  7.88E-14  0.87    170606 Andicam
7911.50537   V   11.254  0.001  1.14E-13  0.82    170606 Andicam
7911.50635   R   10.124  0.001  1.91E-13  0.78    170606 Andicam
7913.53516   I    9.333  0.001  2.01E-13  0.81    170608 Andicam
7913.53613   B   12.200  0.002  7.95E-14  1.05    170608 Andicam
7913.53711   V   11.216  0.001  1.18E-13  0.87    170608 Andicam
7913.53809   R   10.051  0.001  2.04E-13  0.93    170608 Andicam
7914.50195   I    9.510  0.001  1.71E-13  0.52    170609 Andicam
7914.50293   B   12.389  0.002  6.69E-14  0.66    170609 Andicam
7914.50391   V   11.443  0.001  9.56E-14  0.60    170609 Andicam
7914.50488   R   10.246  0.001  1.71E-13  0.53    170609 Andicam
7915.52539   I    9.448  0.001  1.81E-13  0.49    170610 Andicam
7915.52637   B   12.326  0.002  7.08E-14  0.57    170610 Andicam
7915.52734   V   11.356  0.001  1.04E-13  0.52    170610 Andicam
7915.52832   R   10.142  0.001  1.88E-13  0.47    170610 Andicam
7916.51074   I    9.264  0.001  2.14E-13  1.06    170611 Andicam
7916.51172   B   12.171  0.002  8.17E-14  1.17    170611 Andicam
7916.51270   V   11.145  0.001  1.26E-13  1.10    170611 Andicam
7916.51367   R    9.996  0.001  2.15E-13  1.05    170611 Andicam
7917.52637   I    9.236  0.001  2.20E-13  0.56    170612 Andicam
7917.52734   B   12.138  0.001  8.42E-14  0.74    170612 Andicam
7917.52832   V   11.145  0.001  1.26E-13  0.65    170612 Andicam
7917.52930   R    9.994  0.001  2.15E-13  0.60    170612 Andicam
7918.50928   I    9.044  0.001  2.62E-13  0.71    170613 Andicam
7918.51025   B   11.799  0.002  1.15E-13  0.84    170613 Andicam
7918.51123   V   10.803  0.001  1.72E-13  0.90    170613 Andicam
7918.51221   R    9.734  0.001  2.74E-13  0.85    170613 Andicam
7919.53418   I    9.069  0.003  2.56E-13  0.66    170614 Andicam
7919.53516   B   11.899  0.004  1.05E-13  0.84    170614 Andicam
7919.53613   V   10.892  0.004  1.59E-13  0.77    170614 Andicam
7919.53711   R    9.797  0.004  2.58E-13  0.77    170614 Andicam
7923.54004   I    9.110  0.001  2.47E-13  0.65    170618 Andicam
7923.54102   B   11.926  0.002  1.02E-13  0.82    170618 Andicam
7923.54199   V   10.909  0.001  1.56E-13  0.72    170618 Andicam
7923.54297   R    9.826  0.001  2.51E-13  0.62    170618 Andicam
7925.45996   I    9.312  0.001  2.05E-13  0.41    170619 Andicam
7925.46094   B   12.185  0.001  8.06E-14  0.57    170619 Andicam
7925.46191   V   11.249  0.001  1.14E-13  0.50    170619 Andicam
7925.46289   R    9.996  0.001  2.15E-13  0.47    170619 Andicam
7935.48291   I    9.535  0.001  1.67E-13  0.63    170629 Andicam
7935.48389   B   12.381  0.002  6.73E-14  0.71    170629 Andicam
7935.48486   V   11.418  0.001  9.78E-14  0.68    170629 Andicam
7935.48584   R   10.277  0.001  1.66E-13  0.64    170629 Andicam
7947.45557   I   10.615  0.001  6.17E-14  0.52    170711 Andicam
7947.45654   B   13.592  0.002  2.21E-14  0.73    170711 Andicam
7947.45752   V   12.754  0.001  2.86E-14  0.58    170711 Andicam
7947.45850   R   11.264  0.001  6.69E-14  0.59    170711 Andicam
7953.51074   I   10.792  0.001  5.24E-14  0.77    170718 Andicam
7953.51172   B   13.388  0.002  2.66E-14  0.73    170718 Andicam
7953.51270   V   12.515  0.001  3.56E-14  0.81    170718 Andicam
7953.51367   R   11.346  0.001  6.20E-14  0.83    170718 Andicam
7969.48145   I   10.430  0.001  7.32E-14  0.82    170802 Andicam
7969.48193   B   13.182  0.002  3.22E-14  0.97    170802 Andicam
7969.48340   V   12.391  0.001  3.99E-14  0.85    170802 Andicam
7969.48389   R   11.016  0.001  8.41E-14  0.81    170802 Andicam
7975.51270   I   11.185  0.012  3.65E-14  1.24    170809 Andicam
7975.51367   B   13.613  0.024  2.16E-14  1.44    170809 Andicam
7975.51465   V   12.963  0.017  2.36E-14  1.54    170809 Andicam
7975.51562   R   11.640  0.016  4.73E-14  1.19    170809 Andicam
7983.48340   I   10.639  0.001  6.04E-14  0.63    170816 Andicam
7983.48438   B   13.232  0.002  3.08E-14  0.77    170816 Andicam
7983.48535   V   12.408  0.001  3.93E-14  0.69    170816 Andicam
7983.48633   R   11.321  0.001  6.34E-14  0.69    170816 Andicam
7992.50195   I   10.247  0.002  8.66E-14  0.77    170826 Andicam
7992.50293   B   12.984  0.003  3.86E-14  0.89    170826 Andicam
7992.50342   V   12.031  0.002  5.56E-14  0.85    170826 Andicam
7992.50439   R   10.933  0.003  9.07E-14  0.84    170826 Andicam
7999.50049   R   11.431  0.005  5.73E-14  0.92    170902 Andicam
8000.49805   I   10.802  0.004  5.20E-14  1.04    170902 Andicam
8000.49902   B   13.507  0.007  2.39E-14  1.08    170902 Andicam
8000.50000   V   12.722  0.004  2.94E-14  1.03    170902 Andicam
8009.47656   I   12.404  0.003  1.19E-14  1.40    170911 Andicam
8009.47705   B   14.604  0.006  8.69E-15  1.53    170911 Andicam
8009.47803   V   14.033  0.003  8.80E-15  1.36    170911 Andicam
8009.47852   R   12.557  0.004  2.03E-14  1.45    170911 Andicam
8107.84131   I   14.490  0.002  1.74E-15  0.65    171219 Andicam
8107.84229   B   16.215  0.003  1.97E-15  0.75    171219 Andicam
8107.84326   V   15.607  0.002  2.07E-15  0.77    171219 Andicam
8107.84375   R   14.428  0.002  3.63E-15  0.75    171219 Andicam
8117.81787   I   14.666  0.002  1.48E-15  0.62    171229 Andicam
8117.81885   B   16.370  0.003  1.71E-15  0.71    171229 Andicam
8117.81982   V   15.674  0.002  1.94E-15  0.69    171229 Andicam
8117.82031   R   14.628  0.002  3.02E-15  0.68    171229 Andicam
8128.85547   I   14.870  0.002  1.23E-15  0.54    180109 Andicam
8128.85596   B   16.555  0.003  1.44E-15  0.58    180109 Andicam
8128.85693   V   15.774  0.002  1.77E-15  0.56    180109 Andicam
8128.85791   R   14.854  0.002  2.45E-15  0.57    180109 Andicam
8140.83105   I   15.029  0.002  1.06E-15  0.56    180121 Andicam
8140.83203   B   16.709  0.003  1.25E-15  0.64    180121 Andicam
8140.83301   V   15.871  0.002  1.62E-15  0.58    180121 Andicam
8140.83350   R   15.044  0.002  2.06E-15  0.53    180121 Andicam
8150.78467   I   15.228  0.002  8.82E-16  0.57    180131 Andicam
8150.78516   B   16.926  0.004  1.02E-15  0.61    180131 Andicam
8150.78613   V   15.952  0.003  1.50E-15  0.69    180131 Andicam
8150.78662   R   15.243  0.002  1.71E-15  0.63    180131 Andicam
8186.70020   I   16.052  0.002  4.13E-16  0.75    180308 Andicam
8186.70068   B   17.638  0.003  5.31E-16  0.85    180308 Andicam
8186.70166   V   16.496  0.002  9.11E-16  0.83    180308 Andicam
8186.70215   R   16.071  0.002  7.99E-16  0.81    180308 Andicam
8217.67676   I   16.463  0.001  2.83E-16  0.74    180408 Andicam
8217.67773   B   18.117  0.003  3.42E-16  0.80    180408 Andicam
8217.67871   V   16.837  0.002  6.65E-16  0.79    180408 Andicam
8217.67969   R   16.609  0.001  4.87E-16  0.75    180408 Andicam
8247.62305   I   17.470  0.001  1.12E-16  1.45    180508 Andicam
8247.62402   B   18.240  0.001  3.05E-16  1.72    180508 Andicam
8247.62598   R   17.220  0.002  2.77E-16  1.30    180508 Andicam
8345.47363   B   17.900  0.001  4.17E-16  0.80    180813 Andicam
8345.47363   I   17.726  0.001  8.83E-17  0.71    180813 Andicam
8345.47461   V   18.271  0.003  1.78E-16  0.84    180813 Andicam
8345.47559   R   18.095  0.002  1.24E-16  0.76    180813 Andicam
8467.84180   I   19.223  0.001  2.22E-17  0.74    181214 Andicam
8467.84277   B   19.681  0.001  8.09E-17  0.84    181214 Andicam
8467.84375   V   18.490  0.002  1.45E-16  0.80    181214 Andicam
8467.84473   R   19.081  0.001  4.99E-17  0.74    181214 Andicam
8497.84277   I   18.315  0.001  5.13E-17  1.27    190113 Andicam
8497.84375   B   19.557  0.001  9.07E-17  1.44    190113 Andicam
8497.84473   V   19.097  0.002  8.30E-17  1.20    190113 Andicam
8497.84570   R   19.107  0.001  4.88E-17  1.23    190113 Andicam
8521.79297   I   18.481  0.001  4.41E-17  0.76    190206 Andicam
8521.79395   B   20.510  0.001  3.77E-17  0.89    190206 Andicam
8521.79492   V   19.163  0.002  7.81E-17  0.82    190206 Andicam
8521.79590   R   19.592  0.001  3.12E-17  0.81    190206 Andicam
