# PR_STOUT run at Thu Jun 11 13:48:51 2009
 
   col1    col2   col3   col4
(+2450000)        Mag.
3703.68798   H   11.141  0.030
3703.68906   K   10.585  0.061
3703.69027   J   11.368  0.061
3705.71581   H   11.042  0.034
3705.71756   K   10.662  0.061
3705.71931   J   11.420  0.042
3708.69013   H   11.088  0.039
3708.69184   K   11.014  0.074
3708.69359   J   11.474  0.048
3711.65370   H   11.114  0.037
3711.65541   K   10.879  0.068
3711.65716   J   11.359  0.044
3714.64692   H   11.204  0.036
3714.64867   K   10.947  0.072
3714.65042   J   11.459  0.048
3717.67172   H   11.660  0.042
3717.67347   K   11.342  0.082
3717.67526   J   11.766  0.053
3720.66781   H   11.143  0.036
3720.66956   K   10.962  0.066
3720.67135   J   11.355  0.042
3723.63240   H   11.353  0.047
3723.63415   K   11.085  0.098
3723.63594   J   11.622  0.065
3726.66543   H   11.432  0.045
3726.66722   K   11.281  0.077
3726.66897   J   11.650  0.048
3745.60708   K   11.135  0.081
3745.60887   J   11.607  0.055
3745.61187   H   11.444  0.046
3748.61011   K   11.058  0.073
3748.61190   J   11.484  0.048
3748.61486   H   11.331  0.040
3750.63325   K   11.144  0.078
3750.63504   J   11.601  0.056
3750.63800   H   11.478  0.045
3751.63007   K   11.341  0.078
3751.63182   J   11.635  0.050
3751.63486   H   11.567  0.043
3752.61389   K   11.400  0.080
3752.61564   J   11.859  0.055
3752.61860   H   11.722  0.046
3753.59925   K   11.494  0.096
3753.60100   J   11.733  0.061
3753.60392   H   11.691  0.047
3754.60049   K   11.468  0.087
3754.60228   J   11.764  0.057
3754.60520   H   11.717  0.047
3755.58390   K   11.624  0.090
3755.58569   J   11.920  0.057
3755.58869   H   11.920  0.050
3756.56226   K   12.121  0.105
3756.56405   J   12.423  0.067
3756.56697   H   12.424  0.059
3757.60920   K   12.129  0.117
3757.61100   J   12.307  0.073
3757.61395   H   12.365  0.059
3758.58511   K   11.908  0.106
3758.58690   J   12.203  0.070
3758.58990   H   12.158  0.054
3759.58481   K   12.117  0.101
3759.58660   J   12.466  0.065
3759.58952   H   12.445  0.058
3760.61738   K   12.531  0.124
3760.61917   J   12.763  0.073
3760.62217   H   12.792  0.065
3761.64762   K   12.787  0.148
3761.64941   J   12.954  0.091
3761.65366   H   13.132  0.078
3762.58770   K   12.496  0.136
3762.58945   J   12.579  0.069
3762.59241   H   12.613  0.062
3763.54495   K   12.748  0.148
3763.54674   J   13.001  0.080
3763.54974   H   12.980  0.070
3764.61002   K   12.653  0.127
3764.61552   J   12.874  0.091
3764.61952   H   12.844  0.068
3765.60527   K   13.232  0.177
3765.60835   J   13.449  0.115
3765.61256   H   13.529  0.090
3766.53981   K   12.886  0.155
3766.54164   J   12.965  0.083
3766.54464   H   13.077  0.077
3770.62588   K   13.357  0.233
3770.62767   J   13.459  0.116
3770.63067   H   13.612  0.096
3771.56913   K   12.900  0.146
3771.57093   J   13.111  0.090
3771.57388   H   13.083  0.073
3772.57909   K   12.433  0.111
3772.58089   J   12.733  0.069
3772.58388   H   12.630  0.059
3773.54906   K   12.068  0.099
3773.55085   J   12.439  0.065
3773.55385   H   12.319  0.054
3774.55423   K   11.770  0.088
3774.55602   J   12.165  0.059
3774.55902   H   12.023  0.049
3775.53365   K   11.907  0.092
3775.53548   J   12.250  0.061
3775.53844   H   12.161  0.050
3776.52957   K   12.211  0.105
3776.53136   J   12.557  0.065
3776.53436   H   12.484  0.057
3777.57608   K   12.534  0.127
3777.57787   J   12.839  0.081
3777.58087   H   12.807  0.064
3778.54075   K   12.750  0.134
3778.54255   J   12.758  0.075
3778.54554   H   12.957  0.070
3780.56181   K   12.997  0.160
3780.56365   J   13.223  0.132
3780.56660   H   13.323  0.091
3782.57209   K   13.151  0.165
3782.57392   J   13.287  0.103
3782.57688   H   13.447  0.086
3783.56256   K   12.778  0.146
3783.56435   J   13.181  0.097
3783.56735   H   13.244  0.079
3784.54533   K   13.173  0.177
3784.54712   J   13.611  0.120
3784.55012   H   13.723  0.102
3785.56872   K   12.960  0.157
3785.57051   J   13.624  0.116
3785.57351   H   13.741  0.097
3786.53436   K   12.749  0.150
3786.53615   J   13.674  0.126
3786.53915   H   13.695  0.098
3787.56296   K   12.520  0.121
3787.56476   J   13.621  0.103
3787.56776   H   13.631  0.095
3788.55624   K   11.986  0.097
3788.55803   J   13.240  0.087
3788.56103   H   13.016  0.073
3789.58184   K   12.016  0.109
3789.58363   J   13.537  0.109
3789.58663   H   13.293  0.080
3790.54953   K   11.722  0.087
3790.55132   J   13.537  0.094
3790.55432   H   13.137  0.074
3791.54714   K   11.494  0.083
3791.54897   J   13.461  0.092
3791.55193   H   13.024  0.071
3792.54154   K   11.533  0.093
3792.54333   J   13.753  0.118
3792.54629   H   13.208  0.078
3793.52640   K   11.115  0.072
3793.52820   J   13.203  0.085
3793.53120   H   12.572  0.060
3795.58150   K   11.005  0.087
3795.58329   J   13.454  0.117
3795.58625   H   12.719  0.068
3796.55616   K   10.963  0.069
3796.55779   J   13.433  0.094
3796.56058   H   12.598  0.061
3797.53815   K   10.908  0.074
3797.53995   J   13.557  0.107
3797.54299   H   12.679  0.061
3798.53573   K   10.871  0.069
3798.53756   J   13.728  0.101
3798.54052   H   12.789  0.063
3799.53818   K   10.628  0.067
3799.54002   J   13.484  0.102
3799.54298   H   12.463  0.062
3800.54181   K   10.812  0.073
3800.54360   J   13.726  0.114
3800.54660   H   12.689  0.061
3801.53810   K   10.769  0.066
3801.53993   J   13.980  0.111
3801.54293   H   12.792  0.064
3804.53085   K   10.269  0.066
3804.53264   J   13.206  0.097
3804.53564   H   12.082  0.051
3806.52357   K   10.312  0.062
3806.52540   J   13.399  0.094
3806.52845   H   12.274  0.053
3808.52071   K   10.341  0.067
3808.52251   J   13.523  0.111
3808.52559   H   12.314  0.060
3810.53657   K   10.297  0.068
3810.53836   J   13.578  0.120
3810.54140   H   12.282  0.060
3812.51048   K   10.307  0.062
3812.51227   J   13.975  0.120
3812.51527   H   12.429  0.059
3814.51714   K   10.371  0.064
3814.51893   J   14.075  0.128
3814.52193   H   12.475  0.061
3815.49866   K   10.327  0.065
3815.50045   J   14.213  0.139
3815.50345   H   12.440  0.062
3816.51652   K   10.399  0.065
3816.51831   J   14.153  0.131
3816.52131   H   12.455  0.060
3818.48865   K   10.500  0.070
3818.49044   J   14.136  0.146
3818.49348   H   12.499  0.063
3820.47888   K   10.529  0.071
3820.48067   J   14.274  0.160
3820.48367   H   12.524  0.064
3822.46944   K   10.546  0.075
3822.47127   J   14.225  0.164
3822.47469   H   12.521  0.065
3823.48631   K   10.626  0.070
3823.48810   J   14.274  0.147
3823.49110   H   12.580  0.070
3826.47409   K   10.568  0.080
3826.47588   J   14.081  0.140
3826.47888   H   12.580  0.064
3831.47077   K   10.714  0.073
3831.47256   J   14.008  0.140
3831.47556   H   12.670  0.063
3832.49561   K   10.802  0.072
3832.49741   J   14.198  0.147
3832.50041   H   12.774  0.066
3833.46066   K   10.846  0.070
3833.46246   J   14.290  0.145
3833.46546   H   12.857  0.068
3836.46441   K   11.102  0.079
3836.46620   J   14.491  0.166
3836.46921   H   13.020  0.073
3837.46126   K   11.076  0.074
3837.46305   J   14.621  0.164
3837.46606   H   13.109  0.079
3840.47382   K   11.178  0.125
3840.47562   J   14.533  0.268
3840.47862   H   13.548  0.203
3844.46672   K   11.227  0.078
3844.46851   J   14.815  0.174
3844.47147   H   13.379  0.091
3846.45920   K   11.281  0.082
3846.46103   J   14.723  0.171
3846.46403   H   13.357  0.089
3848.45368   K   11.267  0.101
3848.45547   J   14.716  0.201
3848.45847   H   13.359  0.096
3849.45484   K   11.292  0.091
3849.45667   J   14.836  0.203
3849.45963   H   13.454  0.089
3850.44892   K   11.397  0.091
3850.45071   J   14.778  0.200
3850.45371   H   13.363  0.087
3851.46846   K   11.351  0.095
3851.47025   J   14.875  0.183
3851.47325   H   13.400  0.091
3853.47188   K   11.429  0.091
3853.47367   J   15.091  0.219
3853.47667   H   13.468  0.089
3854.47171   K   11.460  0.085
3854.47354   J   14.915  0.195
3854.47655   H   13.499  0.092
3855.48259   J   14.945  0.397
3855.48559   H   13.638  0.126
3861.45668   K   11.504  0.127
3861.45852   J   14.521  0.267
3861.46152   H   13.347  0.110
3862.45274   K   11.587  0.085
3862.45453   J   14.705  0.172
3862.45753   H   13.505  0.091
3864.44002   K   11.809  0.092
3864.44181   J   14.727  0.160
3864.44477   H   13.588  0.091
3866.43885   K   11.868  0.096
3866.44064   J   14.729  0.170
3866.44364   H   13.756  0.098
3867.45708   K   11.749  0.088
3867.45887   J   14.929  0.185
3867.46187   H   13.702  0.098
3869.44520   K   11.751  0.098
3869.44699   J   14.750  0.175
3869.44999   H   13.801  0.088
3870.44702   K   11.863  0.105
3870.44881   J   14.849  0.203
3870.45181   H   13.675  0.101
3871.44463   K   11.799  0.096
3871.44642   J   14.782  0.153
3872.44694   K   11.799  0.098
3872.44874   J   15.155  0.201
3872.45174   H   13.774  0.094
3875.43886   K   12.388  0.122
3875.44065   J   15.584  0.215
3875.44365   H   14.206  0.125
3880.43282   K   12.615  0.139
3880.43461   J   15.341  0.251
3880.43761   H   14.354  0.136
3930.93492   K   14.299  0.281
3930.93804   J   16.573  0.389
3930.94429   H   15.642  0.249
3937.92899   K   14.320  0.268
3937.93078   J   16.475  0.350
3937.93374   H   16.432  0.304
3945.90088   K   15.115  0.402
3945.90400   J   16.946  0.507
3945.91026   H   16.169  0.319
3958.87928   H   17.157  0.537
3958.88216   K   15.327  0.482
3958.88507   J   17.419  0.697
3965.85937   H   16.773  0.346
3965.86225   K   15.550  0.573
3965.86517   J   17.620  0.513
3971.85951   H   16.491  0.384
3971.86239   K   15.883  0.543
3971.86527   J   16.958  0.342
