# PR_STOUT run at Thu Jun 11 13:49:07 2009
 
   col1     col2  col3   col4
(+2450000)        Mag.
3703.68798   I    9.174  0.014
3703.68906   R   12.189  0.011
3703.69027   V   13.464  0.006
3703.69144   B   13.228  0.004
3705.71581   B   12.507  0.001
3705.71756   V   12.693  0.001
3705.71935   R   10.940  0.002
3705.72051   I    8.372  0.002
3708.69017   I    8.268  0.002
3708.69188   R   10.675  0.002
3708.69363   V   12.278  0.001
3708.69475   B   12.063  0.001
3711.65370   B   12.001  0.001
3711.65545   V   12.213  0.001
3711.65707   R   10.583  0.002
3711.65832   I    8.192  0.002
3714.64696   I    8.254  0.002
3714.64867   R   10.663  0.002
3714.65042   V   12.410  0.001
3714.65159   B   12.154  0.001
3717.67176   I    8.618  0.002
3717.67351   R   10.971  0.002
3717.67530   V   12.863  0.001
3717.67651   B   12.542  0.002
3720.66785   I    8.205  0.002
3720.66960   R   10.640  0.002
3720.67139   V   12.280  0.001
3720.67260   B   12.103  0.002
3723.63240   I    8.759  0.004
3723.63419   R   11.287  0.004
3723.63598   V   12.967  0.002
3723.63719   B   12.620  0.002
3726.66547   I    8.409  0.002
3726.66722   R   10.739  0.002
3726.66906   V   12.450  0.001
3726.67022   B   12.197  0.001
3745.60712   B   12.246  0.002
3745.60891   I    8.267  0.002
3745.61012   R   10.868  0.003
3745.61187   V   12.465  0.001
3748.61011   B   12.117  0.002
3748.61190   I    8.159  0.002
3748.61311   R   10.720  0.002
3748.61490   V   12.350  0.001
3750.63333   B   12.582  0.002
3750.63508   I    8.388  0.002
3750.63625   R   11.023  0.002
3750.63804   V   12.844  0.002
3751.63011   B   12.248  0.002
3751.63186   I    8.296  0.001
3751.63307   R   10.806  0.002
3751.63490   V   12.530  0.001
3752.61389   B   12.815  0.002
3752.61568   I    8.556  0.001
3752.61685   R   11.189  0.002
3752.61864   V   13.143  0.002
3753.59929   B   12.366  0.001
3753.60104   I    8.418  0.002
3753.60221   R   10.932  0.002
3753.60400   V   12.679  0.001
3754.60057   B   12.431  0.001
3754.60232   I    8.464  0.002
3754.60349   R   10.984  0.002
3754.60524   V   12.739  0.001
3755.58394   B   12.574  0.001
3755.58573   I    8.557  0.002
3755.58694   R   11.078  0.002
3755.58873   V   12.922  0.002
3756.56230   B   13.231  0.002
3756.56409   I    9.026  0.002
3756.56522   R   11.576  0.003
3756.56701   V   13.624  0.002
3757.52646   B   14.429  0.009
3757.52921   I    9.625  0.006
3757.53055   R   12.166  0.005
3757.53309   V   14.253  0.007
3757.60925   B   12.831  0.002
3757.61100   I    8.886  0.002
3757.61220   R   11.378  0.003
3757.61395   V   13.187  0.002
3757.75594   I    9.274  0.005
3757.75757   B   13.444  0.008
3757.75869   V   13.620  0.005
3757.76069   R   11.702  0.004
3758.58515   B   12.736  0.001
3758.58695   I    8.804  0.002
3758.58815   R   11.316  0.002
3758.58995   V   13.052  0.002
3759.54427   B   13.607  0.006
3759.54523   V   13.833  0.004
3759.54623   R   11.793  0.004
3759.54748   I    9.408  0.005
3759.58485   B   10.258  0.068
3759.58664   I    5.634  0.057
3759.58781   R    9.016  0.056
3759.58956   V   10.686  0.059
3759.74517   B   13.680  0.007
3759.74613   V   13.930  0.005
3759.74709   R   11.841  0.004
3759.74805   I    9.424  0.005
3760.53977   B   13.882  0.007
3760.54072   V   14.101  0.005
3760.54168   R   12.009  0.004
3760.54268   I    9.611  0.006
3760.61742   B   13.533  0.002
3760.61922   I    9.327  0.002
3760.62042   R   11.856  0.003
3760.62222   V   13.901  0.002
3760.75558   V   14.415  0.006
3760.75725   B   14.208  0.009
3760.75845   R   12.265  0.004
3760.75958   I    9.872  0.007
3761.64766   B   13.633  0.002
3761.64946   I    9.357  0.002
3761.65066   R   11.945  0.003
3761.65366   V   14.005  0.002
3762.58775   B   13.027  0.002
3762.58950   I    9.080  0.002
3762.59066   R   11.580  0.003
3762.59245   V   13.353  0.002
3763.54499   B   13.709  0.002
3763.54678   I    9.482  0.002
3763.54799   R   12.066  0.003
3763.54978   V   14.079  0.003
3764.61006   V   13.648  0.002
3764.61281   R   11.846  0.003
3764.61556   I    9.342  0.002
3764.61702   B   13.309  0.002
3765.60531   B   14.134  0.003
3765.60839   I    9.838  0.003
3765.61052   R   12.416  0.004
3765.61260   V   14.573  0.003
3766.53985   B   13.493  0.002
3766.54164   I    9.401  0.002
3766.54289   R   11.973  0.003
3766.54469   V   13.844  0.002
3770.62592   B   13.927  0.003
3770.62767   I    9.754  0.003
3770.62888   R   12.366  0.004
3770.63067   V   14.381  0.003
3771.56913   B   13.504  0.002
3771.57093   I    9.547  0.002
3771.57213   R   12.052  0.003
3771.57393   V   13.854  0.002
3772.57914   B   13.070  0.002
3772.58093   I    9.190  0.002
3772.58209   R   11.725  0.003
3772.58388   V   13.400  0.002
3773.54910   B   12.907  0.002
3773.55089   I    9.012  0.002
3773.55210   R   11.548  0.003
3773.55389   V   13.202  0.002
3774.55427   B   12.716  0.002
3774.55606   I    8.765  0.002
3774.55727   R   11.334  0.002
3774.55906   V   12.984  0.002
3775.53369   B   12.890  0.002
3775.53548   I    8.935  0.002
3775.53669   R   11.478  0.002
3775.53848   V   13.201  0.002
3776.52961   B   13.219  0.002
3776.53141   I    9.216  0.002
3776.53261   R   11.769  0.003
3776.53441   V   13.605  0.002
3777.57612   B   13.495  0.002
3777.57791   I    9.460  0.002
3777.57912   R   11.995  0.003
3777.58091   V   13.890  0.002
3778.54080   B   13.524  0.002
3778.54259   I    9.500  0.002
3778.54380   R   12.069  0.003
3778.54559   V   13.943  0.003
3780.56186   B   13.958  0.003
3780.56365   I   10.163  0.007
3780.56485   R   12.286  0.004
3780.56665   V   14.255  0.003
3782.57213   V   14.338  0.003
3782.57392   R   12.300  0.004
3782.57513   I    9.673  0.003
3782.57692   B   13.879  0.003
3783.56260   V   14.043  0.003
3783.56439   R   12.156  0.004
3783.56556   I    9.601  0.003
3783.56739   B   13.617  0.002
3784.54537   V   14.654  0.004
3784.54716   R   12.499  0.004
3784.54837   I    9.958  0.003
3784.55016   B   14.179  0.003
3785.56876   V   14.865  0.004
3785.57055   R   12.497  0.004
3785.57176   I    9.907  0.003
3785.57355   B   14.369  0.003
3786.53440   V   14.868  0.004
3786.53620   R   12.427  0.004
3786.53740   I    9.941  0.003
3786.53920   B   14.370  0.003
3787.56301   V   14.783  0.004
3787.56480   R   12.452  0.004
3787.56601   I    9.921  0.003
3787.56780   B   14.298  0.003
3788.55628   V   14.062  0.003
3788.55807   R   12.094  0.003
3788.55928   I    9.558  0.002
3788.56107   B   13.620  0.002
3789.58188   V   14.570  0.003
3789.58367   R   12.461  0.004
3789.58488   I    9.923  0.003
3789.58667   B   14.116  0.003
3790.54957   V   14.620  0.003
3790.55136   R   12.379  0.004
3790.55257   I    9.905  0.003
3790.55436   B   14.122  0.003
3791.54718   V   14.433  0.003
3791.54897   R   12.387  0.004
3791.55018   I    9.859  0.003
3791.55197   B   13.983  0.003
3792.54154   V   15.020  0.004
3792.54333   R   12.632  0.004
3792.54454   I   10.195  0.004
3792.54633   B   14.469  0.003
3793.52640   V   14.109  0.003
3793.52824   R   12.186  0.003
3793.52945   I    9.682  0.003
3793.53124   B   13.659  0.002
3797.53820   V   14.447  0.003
3797.53999   R   12.518  0.004
3797.54120   I   10.088  0.003
3797.54303   B   13.943  0.003
3798.53577   V   14.623  0.003
3798.53756   R   12.631  0.004
3798.53877   I   10.218  0.003
3798.54056   B   14.081  0.003
3799.53823   V   14.236  0.003
3799.54002   R   12.427  0.004
3799.54123   I    9.990  0.003
3799.54302   B   13.795  0.002
3800.54185   V   14.536  0.003
3800.54364   R   12.690  0.004
3800.54481   I   10.230  0.004
3800.54664   B   14.021  0.003
3801.53818   V   14.764  0.004
3801.53997   R   12.877  0.005
3801.54118   I   10.483  0.004
3801.54297   B   14.207  0.003
3804.53089   V   13.889  0.002
3804.53268   R   12.353  0.004
3804.53389   I    9.796  0.003
3804.53568   B   13.489  0.002
3806.52361   V   14.196  0.003
3806.52545   R   12.582  0.004
3806.52665   I   10.085  0.003
3806.52845   B   13.791  0.003
3808.52076   V   14.476  0.004
3808.52255   R   12.835  0.005
3808.52384   I   10.300  0.004
3808.52563   B   14.040  0.003
3810.53661   V   14.447  0.003
3810.53836   R   12.839  0.005
3810.53965   I   10.324  0.004
3810.54145   B   14.028  0.003
3812.51052   V   14.767  0.004
3812.51231   R   13.041  0.005
3812.51348   I   10.641  0.005
3812.51531   B   14.222  0.003
3814.51718   V   15.004  0.004
3814.51897   R   13.190  0.006
3814.52018   I   10.838  0.005
3814.52197   B   14.407  0.003
3815.49870   V   15.202  0.005
3815.50049   R   13.281  0.006
3815.50170   I   10.996  0.006
3815.50349   B   14.581  0.004
3816.51656   V   15.291  0.005
3816.51835   R   13.276  0.006
3816.51956   I   11.027  0.006
3816.52135   B   14.645  0.004
3818.48869   V   15.351  0.005
3818.49044   R   13.304  0.007
3818.49173   I   11.092  0.006
3818.49353   B   14.723  0.004
3820.47892   V   15.707  0.009
3820.48071   R   13.473  0.008
3820.48192   I   11.275  0.008
3820.48371   B   14.921  0.005
3822.46948   V   16.128  0.022
3822.47131   R   13.889  0.015
3822.47286   I   11.560  0.016
3822.47473   B   15.206  0.008
3823.48635   V   15.716  0.007
3823.48814   R   13.246  0.006
3823.48935   I   11.131  0.006
3823.49114   B   15.002  0.005
3826.47409   V   15.757  0.011
3826.47588   R   13.564  0.010
3826.47709   I   11.191  0.008
3826.47888   B   14.901  0.005
3831.47081   V   15.726  0.009
3831.47260   R   13.291  0.007
3831.47381   I   11.218  0.008
3831.47560   B   15.043  0.006
3832.49566   V   15.720  0.007
3832.49745   R   13.261  0.007
3832.49866   I   11.159  0.007
3832.50045   B   15.192  0.006
3833.46071   V   16.211  0.024
3833.46250   R   13.848  0.015
3833.46371   I   11.635  0.017
3833.46550   B   15.475  0.011
3836.46445   V   16.050  0.014
3836.46625   R   13.625  0.010
3836.46746   I   11.614  0.012
3836.46925   B   15.581  0.010
3837.46130   V   16.110  0.017
3837.46310   R   13.731  0.011
3837.46431   I   11.759  0.015
3837.46610   B   15.558  0.010
3840.47387   V   16.110  0.015
3840.47566   R   13.874  0.014
3840.47687   I   12.033  0.026
3840.47866   B   16.018  0.030
3844.46672   V   15.918  0.008
3844.46851   R   13.582  0.008
3844.46972   I   11.762  0.011
3844.47151   B   15.456  0.006
3846.45924   V   15.953  0.011
3846.46107   R   13.667  0.009
3846.46228   I   11.796  0.013
3846.46407   B   15.448  0.007
3848.45368   V   16.238  0.023
3848.45551   R   14.036  0.017
3848.45668   I   12.104  0.028
3848.45851   B   15.612  0.011
3849.45488   V   16.085  0.015
3849.45667   R   13.806  0.012
3849.45788   I   11.903  0.017
3849.45967   B   15.478  0.008
3850.44896   V   16.334  0.029
3850.45075   R   14.167  0.021
3850.45196   I   12.107  0.028
3850.45375   B   15.703  0.014
3851.46846   V   15.820  0.007
3851.47029   R   13.489  0.007
3851.47146   I   11.711  0.010
3851.47325   B   15.373  0.006
3853.47192   V   15.823  0.007
3853.47371   R   13.547  0.008
3853.47492   I   11.743  0.010
3853.47671   B   15.385  0.006
3854.47175   V   15.821  0.007
3854.47354   R   13.541  0.008
3854.47475   I   11.758  0.010
3854.47659   B   15.378  0.006
3855.48084   V   16.839  0.082
3855.48263   R   14.477  0.049
3855.48384   I   12.059  0.023
3855.48563   B   15.487  0.009
3861.45672   V   15.961  0.013
3861.45852   R   13.793  0.012
3861.45977   I   11.886  0.015
3861.46156   B   15.497  0.010
3862.45278   V   15.914  0.010
3862.45457   R   13.719  0.009
3862.45578   I   11.868  0.012
3862.45757   B   15.451  0.008
3864.44002   V   16.349  0.033
3864.44181   R   14.284  0.026
3864.44302   I   12.330  0.038
3864.44481   B   15.754  0.017
3866.43889   V   16.427  0.037
3866.44068   R   14.369  0.030
3866.44189   I   12.369  0.042
3866.44368   B   15.894  0.021
3867.45712   V   15.926  0.011
3867.45891   R   13.769  0.010
3867.46012   I   12.074  0.021
3867.46191   B   15.589  0.011
3869.44524   V   16.068  0.016
3869.44704   R   14.010  0.014
3869.44824   I   12.083  0.019
3869.45004   B   15.650  0.012
3870.44706   V   16.015  0.014
3870.44885   R   13.915  0.012
3870.45006   I   12.025  0.018
3870.45185   B   15.577  0.010
3871.44467   V   16.057  0.016
3871.44646   R   13.996  0.014
3871.44767   I   12.108  0.020
3871.44946   B   15.578  0.010
3872.44699   V   15.954  0.011
3872.44878   R   13.842  0.010
3872.44999   I   12.009  0.014
3872.45178   B   15.476  0.007
3875.43890   V   16.268  0.025
3875.44070   R   14.293  0.022
3875.44190   I   12.682  0.066
3875.44370   B   15.706  0.014
3880.43282   V   16.562  0.051
3880.43465   R   14.681  0.046
3880.43582   I   12.562  0.057
3880.43765   B   16.020  0.027
3930.93496   V   15.923  0.007
3930.93804   R   14.234  0.007
3930.94121   I   12.606  0.016
3930.94434   B   15.873  0.009
3937.92903   V   15.925  0.008
3937.93083   R   14.582  0.014
3937.93199   I   12.713  0.018
3937.93378   B   15.898  0.008
3945.90092   V   15.919  0.005
3945.90400   R   14.385  0.006
3945.90717   I   12.711  0.013
3945.91030   B   15.977  0.006
3951.88556   B   16.782  0.060
3951.88839   V   16.277  0.019
3951.89131   R   15.488  0.061
3951.89318   I   13.777  0.346
3958.87932   B   16.261  0.013
3958.88220   V   16.088  0.009
3958.88512   R   14.835  0.014
3958.88699   I   13.031  0.024
3965.85941   B   16.243  0.007
3965.86229   V   16.056  0.006
3965.86521   R   14.784  0.011
3965.86704   I   12.959  0.017
3971.85951   B   16.328  0.007
3971.86243   V   16.068  0.006
3971.86531   R   14.881  0.010
3971.86718   I   13.033  0.017
3979.87497   B   16.412  0.011
3979.87788   V   16.153  0.008
3979.88076   R   15.088  0.018
3988.78294   B   16.641  0.018
3988.78582   V   16.348  0.013
3988.78873   R   15.654  0.046
3988.79061   I   13.710  0.067
3993.81553   B   16.622  0.009
3993.81844   V   16.368  0.008
3993.82136   R   15.208  0.015
3993.82319   I   13.333  0.024
4002.74764   B   16.756  0.009
4002.75052   V   16.269  0.006
4002.75344   R   15.314  0.014
4002.75531   I   13.413  0.023
4007.78824   B   16.790  0.010
4007.79112   V   16.305  0.007
4007.79403   R   15.386  0.015
4007.79591   I   13.443  0.023
4019.74224   B   17.031  0.017
4019.74511   V   16.430  0.010
4019.74803   R   15.612  0.022
4019.74991   I   13.707  0.036
4025.69729   B   17.023  0.011
4025.70017   V   16.429  0.008
4025.70309   R   15.605  0.019
4025.70496   I   13.701  0.031
4031.74395   B   17.103  0.011
4031.74683   V   16.481  0.007
4031.74974   R   15.611  0.018
4031.75162   I   13.681  0.029
4037.66877   B   17.156  0.013
4037.67164   V   16.476  0.008
4037.67456   R   15.590  0.017
4037.67643   I   13.794  0.029
4041.67241   B   17.257  0.021
4041.67533   V   16.558  0.010
4041.67825   R   15.774  0.025
4041.68008   I   13.834  0.038
4045.66666   B   17.381  0.037
4045.66954   V   16.662  0.015
4045.67245   R   15.949  0.038
4045.67433   I   14.064  0.057
4052.69120   B   17.327  0.014
4052.69407   V   16.598  0.008
4052.69699   R   15.791  0.020
4052.69886   I   13.871  0.033
4059.62001   B   17.400  0.014
4059.62288   V   16.645  0.009
4059.62580   R   15.940  0.025
4059.62767   I   14.048  0.046
4066.70287   B   17.471  0.014
4066.70579   V   16.691  0.008
4066.70871   R   15.954  0.022
4066.71058   I   13.987  0.035
4079.67615   B   17.614  0.020
4079.67903   V   16.790  0.010
4079.68194   R   16.160  0.032
4079.68382   I   14.049  0.046
4085.58643   B   17.679  0.017
4085.58930   V   16.825  0.009
4085.59222   R   16.137  0.026
4085.59409   I   14.205  0.046
4092.63007   B   17.709  0.016
4092.63294   V   16.842  0.009
4092.63582   R   16.182  0.025
4092.63769   I   14.195  0.040
4106.63192   I   14.265  0.062
4106.63483   R   16.443  0.049
4106.63667   V   17.006  0.016
4106.63954   B   17.852  0.039
4126.56990   I   14.467  0.067
4126.57282   R   16.457  0.042
4126.57469   V   17.063  0.013
4126.57757   B   17.963  0.027
4139.59091   I   14.343  0.053
4139.59383   R   16.474  0.036
4139.59570   V   17.128  0.012
4139.59862   B   18.089  0.024
4357.81770   I   14.085  0.046
4357.82049   R   16.830  0.052
4357.82224   V   17.866  0.022
4357.82499   B   18.668  0.041
4390.74105   I   14.209  0.042
4390.74392   R   17.056  0.053
4390.74567   V   18.903  0.037
4390.74851   B   19.005  0.038
4446.65712   I   14.225  0.040
4446.65999   R   17.168  0.054
4446.66174   V   18.923  0.038
4446.66453   B   19.201  0.046
4489.59298   I   14.136  0.041
4489.59586   R   17.426  0.088
4489.59761   V   18.881  0.063
4489.60040   B   19.339  0.118
