# PR_STOUT run at Sat Feb 17 16:14:22 2018
 
   col1     col2   col3   col4    Flux   seeing    yymmdd source
(+2450000.0)                    (F_lam) arcsec
7642.53809   I    9.617  0.001  1.55E-13  0.92    160910 Andicam
7642.53906   B   13.615  0.003  2.16E-14  1.11    160910 Andicam
7642.54004   V   12.233  0.002  4.62E-14  1.02    160910 Andicam
7642.54102   R   10.823  0.001  1.00E-13  1.12    160910 Andicam
7643.55615   I    9.774  0.001  1.34E-13  1.08    160911 Andicam
7643.55713   B   13.828  0.002  1.78E-14  1.16    160911 Andicam
7643.55811   V   12.499  0.002  3.61E-14  1.06    160911 Andicam
7643.55908   R   10.953  0.001  8.90E-14  1.13    160911 Andicam
7644.54492   I    9.966  0.001  1.12E-13  0.87    160912 Andicam
7644.54590   B   13.967  0.003  1.56E-14  1.01    160912 Andicam
7644.54688   V   12.682  0.002  3.05E-14  0.90    160912 Andicam
7644.54785   R   11.102  0.001  7.76E-14  0.85    160912 Andicam
7645.60596   I   10.173  0.001  9.27E-14  0.85    160913 Andicam
7645.60693   B   14.156  0.003  1.31E-14  0.98    160913 Andicam
7645.60791   V   12.954  0.002  2.38E-14  0.90    160913 Andicam
7645.60889   R   11.279  0.001  6.60E-14  0.91    160913 Andicam
7647.58594   I   10.397  0.001  7.54E-14  0.86    160915 Andicam
7647.58691   B   14.412  0.002  1.04E-14  0.83    160915 Andicam
7647.58887   R   11.447  0.001  5.65E-14  0.81    160915 Andicam
7647.58887   V   13.206  0.002  1.89E-14  0.92    160915 Andicam
7648.52979   I   10.571  0.001  6.43E-14  0.69    160916 Andicam
7648.53076   B   14.629  0.002  8.49E-15  0.79    160916 Andicam
7648.53223   V   13.401  0.002  1.57E-14  0.63    160916 Andicam
7648.53320   R   11.604  0.001  4.89E-14  0.68    160916 Andicam
7649.57324   I   10.727  0.001  5.56E-14  0.69    160917 Andicam
7649.57422   B   14.745  0.002  7.63E-15  1.01    160917 Andicam
7649.57520   V   13.532  0.002  1.40E-14  1.11    160917 Andicam
7649.57617   R   11.739  0.001  4.32E-14  1.00    160917 Andicam
7650.54199   I   10.796  0.001  5.22E-14  1.12    160918 Andicam
7650.54297   B   14.779  0.002  7.39E-15  1.18    160918 Andicam
7650.54395   V   13.546  0.002  1.38E-14  1.08    160918 Andicam
7650.54492   R   11.755  0.001  4.25E-14  0.97    160918 Andicam
7652.54785   I   11.029  0.001  4.21E-14  0.68    160920 Andicam
7652.54883   B   15.140  0.002  5.30E-15  0.84    160920 Andicam
7652.54980   V   13.908  0.001  9.88E-15  0.70    160920 Andicam
7652.55078   R   12.016  0.001  3.34E-14  0.68    160920 Andicam
7655.57520   I   11.243  0.001  3.46E-14  0.87    160923 Andicam
7655.57617   B   15.480  0.002  3.88E-15  1.13    160923 Andicam
7655.57715   V   14.214  0.001  7.45E-15  0.94    160923 Andicam
7655.57812   R   12.256  0.001  2.68E-14  0.97    160923 Andicam
7657.59277   I   11.364  0.001  3.10E-14  0.70    160925 Andicam
7657.59424   B   15.571  0.002  3.57E-15  0.81    160925 Andicam
7657.59521   V   14.279  0.001  7.02E-15  0.75    160925 Andicam
7657.59619   R   12.371  0.001  2.41E-14  0.71    160925 Andicam
7662.52490   I   11.471  0.001  2.81E-14  0.68    160930 Andicam
7662.52588   B   15.845  0.002  2.77E-15  0.88    160930 Andicam
7662.52686   V   14.579  0.002  5.32E-15  0.78    160930 Andicam
7662.52783   R   12.523  0.001  2.10E-14  0.75    160930 Andicam
7665.54004   I   11.590  0.002  2.51E-14  0.60    161003 Andicam
7665.54102   B   16.108  0.004  2.17E-15  0.93    161003 Andicam
7665.54297   V   14.962  0.004  3.74E-15  0.72    161003 Andicam
7665.54395   R   12.616  0.003  1.92E-14  0.70    161003 Andicam
7668.54785   I   11.727  0.001  2.22E-14  0.95    161006 Andicam
7668.54883   B   16.290  0.003  1.84E-15  1.20    161006 Andicam
7668.54980   V   15.204  0.002  2.99E-15  1.11    161006 Andicam
7668.55078   R   12.747  0.002  1.71E-14  1.10    161006 Andicam
7672.55176   I   11.930  0.004  1.84E-14  0.85    161010 Andicam
7672.55322   B   16.502  0.008  1.51E-15  1.02    161010 Andicam
7672.55420   V   15.394  0.007  2.51E-15  0.83    161010 Andicam
7672.55518   R   12.934  0.007  1.44E-14  0.94    161010 Andicam
7681.52979   I   12.599  0.001  9.93E-15  1.39    161019 Andicam
7681.53076   B   16.896  0.003  1.05E-15  1.75    161019 Andicam
7681.53223   V   15.741  0.002  1.83E-15  1.73    161019 Andicam
7681.53320   R   13.362  0.001  9.68E-15  1.33    161019 Andicam
7686.50293   I   12.996  0.001  6.88E-15  1.14    161024 Andicam
7686.50391   B   17.206  0.003  7.91E-16  1.36    161024 Andicam
7686.50488   V   16.041  0.002  1.38E-15  1.35    161024 Andicam
7686.50586   R   13.612  0.001  7.69E-15  1.23    161024 Andicam
7689.50488   I   13.100  0.001  6.25E-15  0.71    161027 Andicam
7689.50586   B   17.343  0.002  6.97E-16  0.79    161027 Andicam
7689.50684   V   16.101  0.001  1.31E-15  0.73    161027 Andicam
7689.50781   R   13.720  0.001  6.96E-15  0.76    161027 Andicam
7801.84521   I   16.798  0.001  2.08E-16  0.61    170216 Andicam
7801.84619   B   19.923  0.003  6.48E-17  0.88    170216 Andicam
7801.84814   V   18.028  0.002  2.22E-16  0.76    170216 Andicam
7801.84912   R   16.876  0.001  3.81E-16  0.70    170216 Andicam
7806.83105   I   16.884  0.001  1.92E-16  0.62    170221 Andicam
7806.83301   B   19.779  0.002  7.40E-17  0.74    170221 Andicam
7806.83398   V   18.077  0.001  2.12E-16  0.70    170221 Andicam
7806.83496   R   16.936  0.001  3.60E-16  0.65    170221 Andicam
7815.85107   I   17.004  0.001  1.72E-16  0.92    170302 Andicam
7815.85205   B   19.784  0.002  7.36E-17  1.00    170302 Andicam
7815.85303   V   18.264  0.001  1.79E-16  0.90    170302 Andicam
7815.85400   R   17.042  0.001  3.26E-16  0.74    170302 Andicam
7827.84912   I   17.213  0.001  1.42E-16  0.55    170314 Andicam
7827.85010   B   20.710  0.002  3.14E-17  0.63    170314 Andicam
7827.85107   V   18.422  0.001  1.54E-16  0.57    170314 Andicam
7827.85205   R   17.214  0.001  2.79E-16  0.55    170314 Andicam
7833.85010   I   17.347  0.001  1.25E-16  0.54    170320 Andicam
7833.85107   B   20.562  0.001  3.60E-17  0.69    170320 Andicam
7833.85205   V   18.442  0.001  1.52E-16  0.63    170320 Andicam
7833.85400   R   17.339  0.001  2.48E-16  0.55    170320 Andicam
7838.87988   I   17.523  0.001  1.06E-16  0.70    170325 Andicam
7838.88086   B   20.290  0.002  4.62E-17  0.91    170325 Andicam
7838.88281   V   18.509  0.001  1.43E-16  0.84    170325 Andicam
7838.88379   R   17.495  0.001  2.15E-16  0.75    170325 Andicam
7858.85107   I   16.111  0.001  3.91E-16  0.78    170414 Andicam
7858.85205   B   19.905  0.001  6.58E-17  0.95    170414 Andicam
7858.85400   V   18.782  0.001  1.11E-16  0.82    170414 Andicam
7858.85498   R   17.861  0.001  1.54E-16  0.79    170414 Andicam
7878.79492   I   18.086  0.001  6.34E-17  0.43    170504 Andicam
7878.79590   B   21.027  0.001  2.34E-17  0.54    170504 Andicam
7878.79688   V   18.913  0.001  9.83E-17  0.49    170504 Andicam
7878.79883   R   17.927  0.001  1.45E-16  0.45    170504 Andicam
7969.54199   I   20.033  0.001  1.06E-17  0.87    170803 Andicam
7969.54297   B   21.024  0.001  2.35E-17  1.19    170803 Andicam
7969.54395   V   20.553  0.001  2.17E-17  1.28    170803 Andicam
7969.54590   R   20.428  0.001  1.44E-17  0.90    170803 Andicam
7989.54688   I   17.661  0.001  9.37E-17  0.51    170823 Andicam
7989.54785   B   17.370  0.001  6.80E-16  0.68    170823 Andicam
7989.54883   V   17.671  0.001  3.09E-16  0.66    170823 Andicam
7989.54980   R   18.300  0.001  1.03E-16  0.56    170823 Andicam
8011.58496   I   19.593  0.001  1.58E-17  1.02    170914 Andicam
8011.58594   B   20.532  0.001  3.70E-17  1.51    170914 Andicam
8011.58691   V   20.186  0.001  3.04E-17  1.12    170914 Andicam
8011.58887   R   20.336  0.001  1.57E-17  0.98    170914 Andicam
8031.54785   I   17.100  0.001  1.57E-16  0.88    171004 Andicam
8031.54980   B   17.626  0.001  5.37E-16  1.12    171004 Andicam
8031.55078   V   17.529  0.001  3.52E-16  0.99    171004 Andicam
8031.55176   R   16.294  0.001  6.50E-16  0.89    171004 Andicam
