# PR_STOUT run at Fri Feb 16 13:36:16 2018
 
   col1     col2   col3   col4    Flux   seeing    yymmdd source
(+2450000.0)                    (F_lam) arcsec
7657.48193   I    6.910  0.001  1.87E-12  0.71    160925 Andicam
7657.48291   B    7.963  0.001  3.94E-12  0.89    160925 Andicam
7657.48389   R    6.956  0.001  3.53E-12  0.78    160925 Andicam
7657.48389   V    7.158  0.002  4.95E-12  0.85    160925 Andicam
7658.48877   I    6.751  0.001  2.17E-12  0.90    160926 Andicam
7658.49023   B    8.047  0.001  3.65E-12  0.91    160926 Andicam
7658.49121   R    6.162  0.004  7.35E-12  0.99    160926 Andicam
7658.49121   V    7.272  0.002  4.45E-12  0.88    160926 Andicam
7660.50879   I    6.793  0.001  2.08E-12  0.97    160928 Andicam
7660.50977   V    7.998  0.002  2.28E-12  0.93    160928 Andicam
7660.50977   B    8.126  0.001  3.39E-12  1.14    160928 Andicam
7660.51123   R    6.754  0.004  4.26E-12  0.89    160928 Andicam
7661.48389   I    7.188  0.001  1.45E-12  0.74    160929 Andicam
7661.48486   V    8.573  0.002  1.34E-12  0.92    160929 Andicam
7661.48486   B    8.537  0.001  2.32E-12  1.01    160929 Andicam
7661.48584   R    7.066  0.003  3.19E-12  0.79    160929 Andicam
7664.48486   I    7.576  0.001  1.01E-12  2.17    161002 Andicam
7664.48584   B    9.408  0.001  1.04E-12  2.14    161002 Andicam
7664.48682   V    9.511  0.002  5.67E-13  2.19    161002 Andicam
7664.48779   R    7.746  0.005  1.71E-12  1.98    161002 Andicam
7665.49414   I    7.456  0.010  1.13E-12  1.01    161003 Andicam
7665.49512   V    8.913  0.006  9.83E-13  1.12    161003 Andicam
7665.49512   B    8.811  0.006  1.80E-12  1.07    161003 Andicam
7665.49609   R    7.647  0.029  1.87E-12  0.88    161003 Andicam
7666.49023   I    7.911  0.002  7.45E-13  0.93    161004 Andicam
7666.49121   B    9.620  0.002  8.56E-13  1.37    161004 Andicam
7666.49219   V    9.839  0.002  4.19E-13  1.02    161004 Andicam
7666.49316   R    7.958  0.005  1.40E-12  0.87    161004 Andicam
7667.48877   I    7.697  0.002  9.07E-13  0.73    161005 Andicam
7667.49023   V    9.298  0.002  6.89E-13  0.82    161005 Andicam
7667.49023   B    9.125  0.002  1.35E-12  0.74    161005 Andicam
7667.49121   R    7.851  0.004  1.55E-12  0.70    161005 Andicam
7668.49023   I    8.020  0.002  6.74E-13  0.98    161006 Andicam
7668.49121   V    9.721  0.002  4.67E-13  1.08    161006 Andicam
7668.49121   B    9.463  0.002  9.90E-13  1.06    161006 Andicam
7668.49219   R    8.041  0.005  1.30E-12  0.87    161006 Andicam
7771.86182   I   13.506  0.001  4.31E-15  0.56    170117 Andicam
7771.86279   B   13.498  0.001  2.41E-14  0.68    170117 Andicam
7771.86377   V   13.724  0.001  1.17E-14  0.66    170117 Andicam
7771.86621   R   13.333  0.001  9.94E-15  0.62    170117 Andicam
7786.81006   I   13.734  0.001  3.49E-15  0.57    170201 Andicam
7786.81104   B   13.805  0.001  1.81E-14  0.81    170201 Andicam
7786.81201   V   13.890  0.001  1.00E-14  0.67    170201 Andicam
7786.81299   R   13.651  0.001  7.42E-15  0.62    170201 Andicam
7801.78516   I   14.054  0.001  2.60E-15  0.63    170216 Andicam
7801.78613   B   14.143  0.001  1.33E-14  0.70    170216 Andicam
7801.78711   V   14.166  0.001  7.78E-15  0.67    170216 Andicam
7801.78906   R   14.027  0.001  5.25E-15  0.69    170216 Andicam
7822.78711   I   14.367  0.001  1.95E-15  0.57    170309 Andicam
7822.78809   B   14.554  0.001  9.10E-15  0.65    170309 Andicam
7822.79004   V   14.460  0.001  5.94E-15  0.61    170309 Andicam
7822.79102   R   14.378  0.001  3.80E-15  0.59    170309 Andicam
7823.78516   I   14.462  0.001  1.79E-15  0.53    170310 Andicam
7823.78711   B   14.652  0.001  8.31E-15  0.69    170310 Andicam
7823.78809   V   14.571  0.001  5.36E-15  0.64    170310 Andicam
7823.78906   R   14.444  0.001  3.57E-15  0.55    170310 Andicam
7824.83691   I   14.417  0.001  1.86E-15  0.48    170311 Andicam
7824.83789   B   14.604  0.001  8.69E-15  0.55    170311 Andicam
7824.83887   V   14.547  0.001  5.48E-15  0.53    170311 Andicam
7824.83984   R   14.439  0.001  3.59E-15  0.53    170311 Andicam
7834.76123   I   14.506  0.001  1.71E-15  0.64    170321 Andicam
7834.76221   B   14.783  0.001  7.37E-15  0.80    170321 Andicam
7834.76416   V   14.652  0.001  4.98E-15  0.72    170321 Andicam
7834.76514   R   14.576  0.001  3.16E-15  0.65    170321 Andicam
7844.76904   I   14.674  0.001  1.47E-15  0.79    170331 Andicam
7844.77002   B   14.975  0.001  6.17E-15  1.09    170331 Andicam
7844.77100   V   14.844  0.001  4.17E-15  0.99    170331 Andicam
7844.77295   R   14.749  0.001  2.70E-15  0.97    170331 Andicam
7854.77490   I   14.644  0.001  1.51E-15  0.62    170410 Andicam
7854.77588   B   15.008  0.001  5.99E-15  0.74    170410 Andicam
7854.77686   V   14.861  0.001  4.11E-15  0.71    170410 Andicam
7854.77881   R   14.758  0.001  2.68E-15  0.60    170410 Andicam
7864.79297   I   14.700  0.001  1.43E-15  0.55    170420 Andicam
7864.79492   B   15.128  0.001  5.36E-15  0.68    170420 Andicam
7864.79590   V   14.899  0.001  3.96E-15  0.59    170420 Andicam
7864.79688   R   14.840  0.001  2.48E-15  0.56    170420 Andicam
7875.69580   I   14.823  0.001  1.28E-15  0.53    170501 Andicam
7875.69824   B   15.259  0.001  4.75E-15  0.68    170501 Andicam
7875.69922   V   15.065  0.001  3.40E-15  0.60    170501 Andicam
7875.70020   R   14.983  0.001  2.18E-15  0.77    170501 Andicam
7887.64697   I   14.854  0.001  1.24E-15  0.73    170513 Andicam
7887.64795   B   15.308  0.001  4.54E-15  0.88    170513 Andicam
7887.64893   V   15.058  0.001  3.42E-15  0.80    170513 Andicam
7887.64990   R   15.002  0.001  2.14E-15  0.63    170513 Andicam
7902.73584   I   14.805  0.001  1.30E-15  0.91    170528 Andicam
7902.73682   B   15.302  0.001  4.57E-15  0.98    170528 Andicam
7902.73779   V   15.061  0.001  3.41E-15  1.03    170528 Andicam
7902.73877   R   15.001  0.001  2.14E-15  0.96    170528 Andicam
7915.60107   I   14.873  0.001  1.22E-15  0.45    170610 Andicam
7915.60303   B   15.373  0.001  4.28E-15  0.57    170610 Andicam
7915.60400   V   15.112  0.001  3.26E-15  0.50    170610 Andicam
7915.60498   R   15.045  0.001  2.06E-15  0.47    170610 Andicam
7922.60889   I   14.977  0.001  1.11E-15  0.65    170617 Andicam
7922.61084   B   15.534  0.001  3.69E-15  0.83    170617 Andicam
7922.61182   V   15.221  0.001  2.95E-15  0.78    170617 Andicam
7922.61279   R   15.138  0.001  1.89E-15  0.76    170617 Andicam
7938.54199   I   14.964  0.001  1.12E-15  0.73    170703 Andicam
7938.54395   B   15.520  0.001  3.74E-15  0.89    170703 Andicam
7938.54492   V   15.248  0.001  2.87E-15  0.73    170703 Andicam
7938.54590   R   15.160  0.001  1.85E-15  0.78    170703 Andicam
7948.53076   I   14.859  0.001  1.24E-15  0.70    170713 Andicam
7948.53223   B   15.458  0.001  3.96E-15  0.90    170713 Andicam
7948.53320   V   15.160  0.001  3.12E-15  1.06    170713 Andicam
7948.53418   R   15.029  0.001  2.08E-15  0.85    170713 Andicam
7968.56689   I   14.705  0.001  1.43E-15  0.76    170802 Andicam
7968.56885   B   15.262  0.001  4.74E-15  0.92    170802 Andicam
7968.56982   V   15.054  0.001  3.44E-15  0.82    170802 Andicam
7968.57080   R   14.936  0.001  2.27E-15  0.74    170802 Andicam
7970.57715   I   14.777  0.001  1.34E-15  0.70    170804 Andicam
7970.57812   B   15.257  0.001  4.76E-15  0.84    170804 Andicam
7970.57910   V   15.029  0.001  3.52E-15  0.81    170804 Andicam
7970.58008   R   14.930  0.001  2.28E-15  0.93    170804 Andicam
7979.53418   I   15.086  0.001  1.00E-15  0.78    170813 Andicam
7979.53516   B   15.425  0.001  4.08E-15  0.93    170813 Andicam
7979.53613   V   15.162  0.001  3.11E-15  0.79    170813 Andicam
7979.53809   R   15.145  0.001  1.87E-15  0.74    170813 Andicam
7989.51904   I   15.186  0.007  9.16E-16  0.62    170823 Andicam
7989.52002   B   15.572  0.003  3.56E-15  0.76    170823 Andicam
7989.52100   V   15.285  0.003  2.78E-15  0.66    170823 Andicam
7989.52197   R   15.230  0.003  1.73E-15  0.57    170823 Andicam
7999.50977   I   15.386  0.001  7.62E-16  0.73    170902 Andicam
7999.51123   B   15.769  0.001  2.97E-15  0.80    170902 Andicam
7999.51221   V   15.510  0.001  2.26E-15  0.85    170902 Andicam
7999.51416   R   15.548  0.001  1.29E-15  0.90    170902 Andicam
8011.52783   I   15.462  0.001  7.10E-16  1.27    170914 Andicam
8011.52881   B   15.824  0.002  2.83E-15  1.36    170914 Andicam
8011.52979   V   15.501  0.001  2.28E-15  1.32    170914 Andicam
8011.53076   R   15.549  0.002  1.29E-15  1.55    170914 Andicam
8022.48193   I   15.551  0.001  6.55E-16  0.82    170925 Andicam
8022.48291   B   16.002  0.001  2.40E-15  0.88    170925 Andicam
8022.48389   V   15.702  0.001  1.89E-15  0.98    170925 Andicam
8022.48486   R   15.735  0.001  1.09E-15  0.92    170925 Andicam
8037.48389   I   16.120  0.002  3.88E-16  1.31    171010 Andicam
8037.48486   B   16.286  0.002  1.85E-15  1.62    171010 Andicam
8037.48584   V   15.884  0.001  1.60E-15  1.44    171010 Andicam
8037.48682   R   15.897  0.001  9.38E-16  1.44    171010 Andicam
