# PR_STOUT run at Mon May 21 09:25:12 2018
 
   col1     col2   col3   col4    Flux   seeing    yymmdd source
(+2450000.0)                    (F_lam) arcsec
8094.78711   B   11.235  0.001  1.93E-13  0.78    171206 Andicam
8094.78711   I    7.963  0.002  7.10E-13  0.70    171206 Andicam
8094.78809   V    9.992  0.001  3.64E-13  0.64    171206 Andicam
8094.78906   R    8.549  0.001  8.15E-13  0.63    171206 Andicam
8095.81982   B   11.338  0.001  1.76E-13  0.67    171207 Andicam
8095.81982   I    8.106  0.002  6.22E-13  0.69    171207 Andicam
8095.82080   V   10.088  0.001  3.33E-13  0.64    171207 Andicam
8095.82178   R    8.675  0.001  7.26E-13  0.66    171207 Andicam
8096.81299   I    7.972  0.001  7.04E-13  0.54    171208 Andicam
8096.81396   B   11.136  0.001  2.12E-13  0.63    171208 Andicam
8096.81494   V    9.902  0.001  3.95E-13  0.60    171208 Andicam
8096.81592   R    8.560  0.001  8.07E-13  0.56    171208 Andicam
8099.81006   I    7.755  0.002  8.60E-13  0.66    171211 Andicam
8099.81104   B   10.841  0.001  2.78E-13  0.73    171211 Andicam
8099.81201   V    9.669  0.001  4.90E-13  0.65    171211 Andicam
8099.81299   R    8.420  0.002  9.18E-13  0.63    171211 Andicam
8103.76318   I    8.168  0.002  5.88E-13  0.79    171215 Andicam
8103.76416   B   11.251  0.001  1.91E-13  0.87    171215 Andicam
8103.76514   V   10.138  0.001  3.18E-13  0.83    171215 Andicam
8103.76611   R    8.630  0.001  7.57E-13  0.72    171215 Andicam
8106.77393   I    8.201  0.002  5.70E-13  0.53    171218 Andicam
8106.77490   B   11.254  0.001  1.90E-13  0.67    171218 Andicam
8106.77588   V   10.146  0.001  3.16E-13  0.65    171218 Andicam
8106.77686   R    8.672  0.001  7.28E-13  0.64    171218 Andicam
8109.78613   B   11.269  0.001  1.88E-13  0.82    171221 Andicam
8109.78613   I    8.212  0.002  5.65E-13  0.70    171221 Andicam
8109.78711   V   10.136  0.001  3.18E-13  0.83    171221 Andicam
8109.78809   R    8.737  0.001  6.86E-13  0.84    171221 Andicam
8112.82715   I    8.276  0.002  5.32E-13  0.61    171224 Andicam
8112.82812   B   11.332  0.001  1.77E-13  0.68    171224 Andicam
8112.82910   V   10.187  0.001  3.04E-13  0.62    171224 Andicam
8112.83008   R    8.808  0.001  6.42E-13  0.66    171224 Andicam
8115.79395   I    8.381  0.001  4.83E-13  0.52    171227 Andicam
8115.79492   B   11.474  0.001  1.55E-13  0.64    171227 Andicam
8115.79590   R    8.889  0.001  5.96E-13  0.56    171227 Andicam
8115.79590   V   10.333  0.001  2.66E-13  0.60    171227 Andicam
8118.80322   I    8.537  0.002  4.18E-13  0.76    171230 Andicam
8118.80420   V   10.445  0.001  2.40E-13  0.77    171230 Andicam
8118.80420   B   11.589  0.001  1.40E-13  0.75    171230 Andicam
8118.80518   R    8.970  0.001  5.53E-13  0.73    171230 Andicam
8122.72607   I    8.889  0.002  3.03E-13  0.83    180103 Andicam
8122.72705   B   11.977  0.001  9.77E-14  0.84    180103 Andicam
8122.72803   R    9.222  0.001  4.39E-13  0.87    180103 Andicam
8122.72803   V   10.842  0.001  1.66E-13  0.88    180103 Andicam
8126.74121   B   12.140  0.001  8.41E-14  0.76    180107 Andicam
8126.74121   I    9.060  0.002  2.58E-13  0.62    180107 Andicam
8126.74219   V   10.989  0.001  1.45E-13  0.59    180107 Andicam
8126.74316   R    9.346  0.001  3.91E-13  0.59    180107 Andicam
8129.71582   I    9.159  0.002  2.36E-13  0.50    180110 Andicam
8129.71680   B   12.243  0.001  7.64E-14  0.67    180110 Andicam
8129.71777   V   11.109  0.001  1.30E-13  0.57    180110 Andicam
8129.71924   R    9.299  0.001  4.09E-13  0.51    180110 Andicam
8136.67578   I    9.366  0.001  1.95E-13  0.50    180117 Andicam
8136.67676   B   12.437  0.001  6.39E-14  0.59    180117 Andicam
8136.67822   R    9.395  0.001  3.74E-13  0.49    180117 Andicam
8136.67822   V   11.318  0.001  1.07E-13  0.50    180117 Andicam
8140.72998   B   12.478  0.001  6.15E-14  0.83    180121 Andicam
8140.72998   I    9.422  0.002  1.85E-13  0.85    180121 Andicam
8140.73096   V   11.352  0.001  1.04E-13  0.79    180121 Andicam
8140.73193   R    9.450  0.001  3.56E-13  0.70    180121 Andicam
8143.65918   B   12.507  0.001  6.00E-14  0.67    180124 Andicam
8143.65918   I    9.468  0.002  1.78E-13  0.67    180124 Andicam
8143.66016   V   11.404  0.001  9.91E-14  0.60    180124 Andicam
8143.66113   R    9.495  0.001  3.41E-13  0.59    180124 Andicam
8146.73682   I    9.741  0.002  1.38E-13  0.72    180127 Andicam
8146.73779   V   11.723  0.001  7.39E-14  0.71    180127 Andicam
8146.73779   B   12.816  0.001  4.51E-14  0.68    180127 Andicam
8146.73877   R    9.667  0.001  2.91E-13  0.75    180127 Andicam
8150.72217   B   12.920  0.001  4.10E-14  0.69    180131 Andicam
8150.72217   I    9.724  0.002  1.40E-13  0.58    180131 Andicam
8150.72314   V   11.811  0.001  6.81E-14  0.68    180131 Andicam
8150.72412   R    9.758  0.001  2.68E-13  0.56    180131 Andicam
8153.73682   I   10.139  0.002  9.57E-14  0.59    180203 Andicam
8153.73779   B   13.307  0.001  2.87E-14  0.65    180203 Andicam
8153.73877   R    9.940  0.001  2.26E-13  0.64    180203 Andicam
8153.73877   V   12.314  0.001  4.29E-14  0.63    180203 Andicam
8156.66992   B   13.338  0.001  2.79E-14  0.80    180206 Andicam
8156.66992   I   10.309  0.002  8.18E-14  0.75    180206 Andicam
8156.67090   V   12.399  0.001  3.96E-14  0.75    180206 Andicam
8156.67188   R    9.974  0.001  2.19E-13  0.63    180206 Andicam
8159.68311   I   10.352  0.002  7.86E-14  0.77    180209 Andicam
8159.68408   B   13.341  0.001  2.78E-14  0.73    180209 Andicam
8159.68506   R   10.023  0.001  2.10E-13  0.73    180209 Andicam
8159.68506   V   12.421  0.001  3.88E-14  0.71    180209 Andicam
8163.64893   I   10.532  0.002  6.66E-14  0.91    180213 Andicam
8163.64990   B   13.424  0.001  2.58E-14  1.03    180213 Andicam
8163.65088   V   12.548  0.001  3.46E-14  0.90    180213 Andicam
8163.65186   R   10.157  0.001  1.85E-13  0.87    180213 Andicam
8167.63281   I   10.649  0.002  5.98E-14  0.71    180217 Andicam
8167.63379   B   13.533  0.001  2.33E-14  0.78    180217 Andicam
8167.63477   R   10.264  0.001  1.68E-13  0.78    180217 Andicam
8167.63477   V   12.642  0.001  3.17E-14  0.94    180217 Andicam
8171.64014   I   10.775  0.002  5.33E-14  0.55    180221 Andicam
8171.64111   V   12.793  0.001  2.76E-14  0.67    180221 Andicam
8171.64111   B   13.615  0.001  2.16E-14  0.75    180221 Andicam
8171.64209   R   10.406  0.001  1.47E-13  0.62    180221 Andicam
8175.60986   I   10.771  0.002  5.34E-14  0.58    180225 Andicam
8175.61084   B   13.567  0.001  2.26E-14  0.65    180225 Andicam
8175.61182   V   12.740  0.001  2.89E-14  0.60    180225 Andicam
8175.61279   R   10.432  0.001  1.44E-13  0.59    180225 Andicam
8179.63477   I   10.877  0.002  4.85E-14  0.76    180301 Andicam
8179.63623   B   13.652  0.001  2.09E-14  0.86    180301 Andicam
8179.63721   V   12.807  0.001  2.72E-14  0.82    180301 Andicam
8179.63818   R   10.525  0.001  1.32E-13  0.81    180301 Andicam
8183.60498   I   11.047  0.002  4.15E-14  0.73    180305 Andicam
8183.60596   B   13.760  0.001  1.89E-14  0.93    180305 Andicam
8183.60693   V   12.963  0.001  2.36E-14  0.81    180305 Andicam
8183.60791   R   10.737  0.001  1.09E-13  0.79    180305 Andicam
8187.63477   I   10.996  0.002  4.34E-14  0.84    180309 Andicam
8187.63623   B   13.732  0.001  1.94E-14  0.94    180309 Andicam
8187.63721   R   10.692  0.001  1.13E-13  0.83    180309 Andicam
8187.63721   V   12.932  0.001  2.43E-14  0.81    180309 Andicam
8194.58691   I   10.998  0.001  4.34E-14  0.74    180316 Andicam
8194.58789   V   12.911  0.001  2.47E-14  0.78    180316 Andicam
8194.58789   B   13.697  0.001  2.00E-14  0.80    180316 Andicam
8194.58887   R   10.682  0.001  1.14E-13  0.73    180316 Andicam
8202.60352   I   11.305  0.001  3.27E-14  0.66    180324 Andicam
8202.60547   B   13.938  0.001  1.60E-14  0.77    180324 Andicam
8202.60645   V   13.174  0.001  1.94E-14  0.70    180324 Andicam
8202.60742   R   11.017  0.001  8.39E-14  0.66    180324 Andicam
8209.61230   I   11.460  0.001  2.83E-14  0.64    180331 Andicam
8209.61328   B   14.061  0.001  1.43E-14  0.71    180331 Andicam
8209.61426   V   13.278  0.001  1.76E-14  0.70    180331 Andicam
8209.61523   R   11.233  0.001  6.88E-14  0.70    180331 Andicam
8216.57031   I   11.657  0.001  2.36E-14  0.84    180407 Andicam
8216.57129   V   13.470  0.001  1.48E-14  0.93    180407 Andicam
8216.57129   B   14.216  0.001  1.24E-14  0.99    180407 Andicam
8216.57227   R   11.417  0.001  5.81E-14  0.89    180407 Andicam
8223.54688   I   11.688  0.001  2.30E-14  0.76    180414 Andicam
8223.54785   B   14.234  0.001  1.22E-14  0.86    180414 Andicam
8223.54883   V   13.485  0.001  1.46E-14  0.90    180414 Andicam
8223.54980   R   11.470  0.001  5.53E-14  0.76    180414 Andicam
8230.57031   I   11.684  0.001  2.31E-14  0.69    180421 Andicam
8230.57129   B   14.221  0.001  1.24E-14  0.82    180421 Andicam
8230.57227   V   13.474  0.001  1.47E-14  0.84    180421 Andicam
8230.57324   R   11.476  0.001  5.50E-14  0.72    180421 Andicam
8237.51660   I   11.884  0.002  1.92E-14  0.56    180428 Andicam
8237.51758   B   14.376  0.001  1.07E-14  0.74    180428 Andicam
8237.51855   V   13.632  0.001  1.27E-14  0.65    180428 Andicam
8237.51953   R   11.702  0.001  4.47E-14  0.62    180428 Andicam
8245.50391   I   11.961  0.003  1.79E-14  1.10    180506 Andicam
8245.50488   B   14.417  0.002  1.03E-14  1.23    180506 Andicam
8245.50586   V   13.655  0.001  1.25E-14  1.14    180506 Andicam
8245.50684   R   11.791  0.001  4.12E-14  1.10    180506 Andicam
8253.49316   B   14.563  0.001  9.02E-15  0.84    180514 Andicam
8253.49316   I   12.103  0.001  1.57E-14  0.68    180514 Andicam
8253.49414   V   13.799  0.001  1.09E-14  0.73    180514 Andicam
8253.49512   R   11.908  0.001  3.69E-14  0.70    180514 Andicam
